Dynamical matrix file
                                                                           
  1    8  0  6.6490000  0.0000000  0.0000000  0.0000000  0.0000000  0.0000000
Basis vectors
      1.000000000    0.000000000    0.000000000
      0.000000000    1.000000000    0.000000000
      0.000000000    0.000000000    1.000000000
           1  'C   '    10947.083358978085     
    1    1      0.0000000000      0.0000000000      0.0000000000
    2    1      0.5000000000      0.5000000000      0.0000000000
    3    1      0.5000000000      0.0000000000      0.5000000000
    4    1      0.0000000000      0.5000000000      0.5000000000
    5    1      0.2500000000      0.2500000000      0.2500000000
    6    1      0.7500000000      0.7500000000      0.2500000000
    7    1      0.7500000000      0.2500000000      0.7500000000
    8    1      0.2500000000      0.7500000000      0.7500000000

     Dynamical  Matrix in cartesian axes

     q = (    0.250000000   0.250000000   0.250000000 ) 

    1    1
  0.96413379  0.00000000    0.00439319  0.00000000    0.00439319  0.00000000
  0.00439319  0.00000000    0.96413379  0.00000000    0.00439319  0.00000000
  0.00439319  0.00000000    0.00439319  0.00000000    0.96413379  0.00000000
    1    2
  0.00002310  0.06565471    0.00000357 -0.06876197   -0.03197419 -0.00070380
  0.00000357 -0.06876197    0.00002310  0.06565471   -0.03197419 -0.00070380
  0.03197971 -0.00070506    0.03197971 -0.00070506   -0.00003187 -0.05971349
    1    3
  0.00002310  0.06565471   -0.03197419 -0.00070380    0.00000357 -0.06876197
  0.03197971 -0.00070506   -0.00003187 -0.05971349    0.03197971 -0.00070506
  0.00000357 -0.06876197   -0.03197419 -0.00070380    0.00002310  0.06565471
    1    4
 -0.00003187 -0.05971349    0.03197971 -0.00070506    0.03197971 -0.00070506
 -0.03197419 -0.00070380    0.00002310  0.06565471    0.00000357 -0.06876197
 -0.03197419 -0.00070380    0.00000357 -0.06876197    0.00002310  0.06565471
    1    5
 -0.18751522 -0.00642968   -0.03579129  0.00331289   -0.03579129  0.00331289
 -0.03579129  0.00331289   -0.18751522 -0.00642968   -0.03579129  0.00331289
 -0.03579129  0.00331289   -0.03579129  0.00331289   -0.18751522 -0.00642968
    1    6
  0.20847758 -0.00177750    0.05848620  0.00407623   -0.05111079  0.00090879
  0.05848620  0.00407623    0.20847758 -0.00177750   -0.05111079  0.00090879
 -0.05111547  0.00094411   -0.05111547  0.00094411    0.19465736 -0.00303870
    1    7
  0.20847758 -0.00177750   -0.05111079  0.00090879    0.05848620  0.00407623
 -0.05111547  0.00094411    0.19465736 -0.00303870   -0.05111547  0.00094411
  0.05848620  0.00407623   -0.05111079  0.00090879    0.20847758 -0.00177750
    1    8
  0.19465736 -0.00303870   -0.05111547  0.00094411   -0.05111547  0.00094411
 -0.05111079  0.00090879    0.20847758 -0.00177750    0.05848620  0.00407623
 -0.05111079  0.00090879    0.05848620  0.00407623    0.20847758 -0.00177750
    2    1
  0.00002310 -0.06565471    0.00000357  0.06876197    0.03197971  0.00070506
  0.00000357  0.06876197    0.00002310 -0.06565471    0.03197971  0.00070506
 -0.03197419  0.00070380   -0.03197419  0.00070380   -0.00003187  0.05971349
    2    2
  0.96401699  0.00000000    0.00444668  0.00000000    0.00442071  0.00000056
  0.00444668 -0.00000000    0.96401699  0.00000000    0.00442071  0.00000056
  0.00442071 -0.00000056    0.00442071 -0.00000056    0.96419276  0.00000000
    2    3
  0.05969790  0.00000000    0.00071994  0.03198016    0.00064201  0.03202895
  0.00064201 -0.03202895   -0.06562745  0.00002780    0.06890826  0.00000000
  0.00071994 -0.03198016    0.06871831  0.00000000   -0.06562745 -0.00002780
    2    4
 -0.06562745  0.00002780    0.00064201 -0.03202895    0.06890826  0.00000000
  0.00071994  0.03198016    0.05969790  0.00000000    0.00064201  0.03202895
  0.06871831  0.00000000    0.00071994 -0.03198016   -0.06562745 -0.00002780
    2    5
 -0.20844503  0.00175979   -0.05848478 -0.00407247    0.05108180 -0.00094058
 -0.05848478 -0.00407247   -0.20844503  0.00175979    0.05108180 -0.00094058
  0.05113289 -0.00089944    0.05113289 -0.00089944   -0.19469725  0.00302455
    2    6
 -0.18747338 -0.00637393   -0.03573445  0.00322685   -0.03580742  0.00329325
 -0.03573445  0.00322685   -0.18747338 -0.00637393   -0.03580742  0.00329325
 -0.03580079  0.00324501   -0.03580079  0.00324501   -0.18747318 -0.00639641
    2    7
  0.00304536  0.19462894   -0.00096702 -0.05116834   -0.00093293 -0.05112318
 -0.00095775 -0.05104205    0.00172492  0.20846032   -0.00408081  0.05848491
 -0.00097908 -0.05109756   -0.00404255  0.05849930    0.00174699  0.20842949
    2    8
  0.00172492  0.20846032   -0.00095775 -0.05104205   -0.00408081  0.05848491
 -0.00096702 -0.05116834    0.00304536  0.19462894   -0.00093293 -0.05112318
 -0.00404255  0.05849930   -0.00097908 -0.05109756    0.00174699  0.20842949
    3    1
  0.00002310 -0.06565471    0.03197971  0.00070506    0.00000357  0.06876197
 -0.03197419  0.00070380   -0.00003187  0.05971349   -0.03197419  0.00070380
  0.00000357  0.06876197    0.03197971  0.00070506    0.00002310 -0.06565471
    3    2
  0.05969790  0.00000000    0.00064201  0.03202895    0.00071994  0.03198016
  0.00071994 -0.03198016   -0.06562745 -0.00002780    0.06871831  0.00000000
  0.00064201 -0.03202895    0.06890826  0.00000000   -0.06562745  0.00002780
    3    3
  0.96401699  0.00000000    0.00442071  0.00000056    0.00444668  0.00000000
  0.00442071 -0.00000056    0.96419276  0.00000000    0.00442071 -0.00000056
  0.00444668  0.00000000    0.00442071  0.00000056    0.96401699  0.00000000
    3    4
 -0.06562745  0.00002780    0.06890826  0.00000000    0.00064201 -0.03202895
  0.06871831  0.00000000   -0.06562745 -0.00002780    0.00071994 -0.03198016
  0.00071994  0.03198016    0.00064201  0.03202895    0.05969790  0.00000000
    3    5
 -0.20844503  0.00175979    0.05108180 -0.00094058   -0.05848478 -0.00407247
  0.05113289 -0.00089944   -0.19469725  0.00302455    0.05113289 -0.00089944
 -0.05848478 -0.00407247    0.05108180 -0.00094058   -0.20844503  0.00175979
    3    6
  0.00304536  0.19462894   -0.00093293 -0.05112318   -0.00096702 -0.05116834
 -0.00097908 -0.05109756    0.00174699  0.20842949   -0.00404255  0.05849930
 -0.00095775 -0.05104205   -0.00408081  0.05848491    0.00172492  0.20846032
    3    7
 -0.18747338 -0.00637393   -0.03580742  0.00329325   -0.03573445  0.00322685
 -0.03580079  0.00324501   -0.18747318 -0.00639641   -0.03580079  0.00324501
 -0.03573445  0.00322685   -0.03580742  0.00329325   -0.18747338 -0.00637393
    3    8
  0.00172492  0.20846032   -0.00408081  0.05848491   -0.00095775 -0.05104205
 -0.00404255  0.05849930    0.00174699  0.20842949   -0.00097908 -0.05109756
 -0.00096702 -0.05116834   -0.00093293 -0.05112318    0.00304536  0.19462894
    4    1
 -0.00003187  0.05971349   -0.03197419  0.00070380   -0.03197419  0.00070380
  0.03197971  0.00070506    0.00002310 -0.06565471    0.00000357  0.06876197
  0.03197971  0.00070506    0.00000357  0.06876197    0.00002310 -0.06565471
    4    2
 -0.06562745 -0.00002780    0.00071994 -0.03198016    0.06871831  0.00000000
  0.00064201  0.03202895    0.05969790  0.00000000    0.00071994  0.03198016
  0.06890826  0.00000000    0.00064201 -0.03202895   -0.06562745  0.00002780
    4    3
 -0.06562745 -0.00002780    0.06871831  0.00000000    0.00071994 -0.03198016
  0.06890826  0.00000000   -0.06562745  0.00002780    0.00064201 -0.03202895
  0.00064201  0.03202895    0.00071994  0.03198016    0.05969790  0.00000000
    4    4
  0.96419276  0.00000000    0.00442071 -0.00000056    0.00442071 -0.00000056
  0.00442071  0.00000056    0.96401699  0.00000000    0.00444668  0.00000000
  0.00442071  0.00000056    0.00444668  0.00000000    0.96401699  0.00000000
    4    5
 -0.19469725  0.00302455    0.05113289 -0.00089944    0.05113289 -0.00089944
  0.05108180 -0.00094058   -0.20844503  0.00175979   -0.05848478 -0.00407247
  0.05108180 -0.00094058   -0.05848478 -0.00407247   -0.20844503  0.00175979
    4    6
  0.00174699  0.20842949   -0.00097908 -0.05109756   -0.00404255  0.05849930
 -0.00093293 -0.05112318    0.00304536  0.19462894   -0.00096702 -0.05116834
 -0.00408081  0.05848491   -0.00095775 -0.05104205    0.00172492  0.20846032
    4    7
  0.00174699  0.20842949   -0.00404255  0.05849930   -0.00097908 -0.05109756
 -0.00408081  0.05848491    0.00172492  0.20846032   -0.00095775 -0.05104205
 -0.00093293 -0.05112318   -0.00096702 -0.05116834    0.00304536  0.19462894
    4    8
 -0.18747318 -0.00639641   -0.03580079  0.00324501   -0.03580079  0.00324501
 -0.03580742  0.00329325   -0.18747338 -0.00637393   -0.03573445  0.00322685
 -0.03580742  0.00329325   -0.03573445  0.00322685   -0.18747338 -0.00637393
    5    1
 -0.18751522  0.00642968   -0.03579129 -0.00331289   -0.03579129 -0.00331289
 -0.03579129 -0.00331289   -0.18751522  0.00642968   -0.03579129 -0.00331289
 -0.03579129 -0.00331289   -0.03579129 -0.00331289   -0.18751522  0.00642968
    5    2
 -0.20844503 -0.00175979   -0.05848478  0.00407247    0.05113289  0.00089944
 -0.05848478  0.00407247   -0.20844503 -0.00175979    0.05113289  0.00089944
  0.05108180  0.00094058    0.05108180  0.00094058   -0.19469725 -0.00302455
    5    3
 -0.20844503 -0.00175979    0.05113289  0.00089944   -0.05848478  0.00407247
  0.05108180  0.00094058   -0.19469725 -0.00302455    0.05108180  0.00094058
 -0.05848478  0.00407247    0.05113289  0.00089944   -0.20844503 -0.00175979
    5    4
 -0.19469725 -0.00302455    0.05108180  0.00094058    0.05108180  0.00094058
  0.05113289  0.00089944   -0.20844503 -0.00175979   -0.05848478  0.00407247
  0.05113289  0.00089944   -0.05848478  0.00407247   -0.20844503 -0.00175979
    5    5
  0.96410857  0.00000000    0.00439119 -0.00000000    0.00439119  0.00000000
  0.00439119  0.00000000    0.96410857  0.00000000    0.00439119  0.00000000
  0.00439119  0.00000000    0.00439119  0.00000000    0.96410857  0.00000000
    5    6
 -0.00000489  0.06564363   -0.00000673 -0.06873923    0.03198418 -0.00072443
 -0.00000673 -0.06873923   -0.00000489  0.06564363    0.03198418 -0.00072443
 -0.03198753 -0.00070713   -0.03198753 -0.00070713    0.00000775 -0.05965406
    5    7
 -0.00000489  0.06564363    0.03198418 -0.00072443   -0.00000673 -0.06873923
 -0.03198753 -0.00070713    0.00000775 -0.05965406   -0.03198753 -0.00070713
 -0.00000673 -0.06873923    0.03198418 -0.00072443   -0.00000489  0.06564363
    5    8
  0.00000775 -0.05965406   -0.03198753 -0.00070713   -0.03198753 -0.00070713
  0.03198418 -0.00072443   -0.00000489  0.06564363   -0.00000673 -0.06873923
  0.03198418 -0.00072443   -0.00000673 -0.06873923   -0.00000489  0.06564363
    6    1
  0.20847758  0.00177750    0.05848620 -0.00407623   -0.05111547 -0.00094411
  0.05848620 -0.00407623    0.20847758  0.00177750   -0.05111547 -0.00094411
 -0.05111079 -0.00090879   -0.05111079 -0.00090879    0.19465736  0.00303870
    6    2
 -0.18747338  0.00637393   -0.03573445 -0.00322685   -0.03580079 -0.00324501
 -0.03573445 -0.00322685   -0.18747338  0.00637393   -0.03580079 -0.00324501
 -0.03580742 -0.00329325   -0.03580742 -0.00329325   -0.18747318  0.00639641
    6    3
  0.00304536 -0.19462894   -0.00097908  0.05109756   -0.00095775  0.05104205
 -0.00093293  0.05112318    0.00174699 -0.20842949   -0.00408081 -0.05848491
 -0.00096702  0.05116834   -0.00404255 -0.05849930    0.00172492 -0.20846032
    6    4
  0.00174699 -0.20842949   -0.00093293  0.05112318   -0.00408081 -0.05848491
 -0.00097908  0.05109756    0.00304536 -0.19462894   -0.00095775  0.05104205
 -0.00404255 -0.05849930   -0.00096702  0.05116834    0.00172492 -0.20846032
    6    5
 -0.00000489 -0.06564363   -0.00000673  0.06873923   -0.03198753  0.00070713
 -0.00000673  0.06873923   -0.00000489 -0.06564363   -0.03198753  0.00070713
  0.03198418  0.00072443    0.03198418  0.00072443    0.00000775  0.05965406
    6    6
  0.96407016  0.00000000    0.00451216 -0.00000000    0.00445073 -0.00001426
  0.00451216  0.00000000    0.96407016  0.00000000    0.00445073 -0.00001426
  0.00445073  0.00001426    0.00445073  0.00001426    0.96414313  0.00000000
    6    7
  0.05973119  0.00000000    0.00068370 -0.03199072    0.00062270 -0.03198158
  0.00062270  0.03198158   -0.06563861 -0.00001500    0.06881374  0.00000000
  0.00068370  0.03199072    0.06871496  0.00000000   -0.06563861  0.00001500
    6    8
 -0.06563861 -0.00001500    0.00062270  0.03198158    0.06881374  0.00000000
  0.00068370 -0.03199072    0.05973119  0.00000000    0.00062270 -0.03198158
  0.06871496  0.00000000    0.00068370  0.03199072   -0.06563861  0.00001500
    7    1
  0.20847758  0.00177750   -0.05111547 -0.00094411    0.05848620 -0.00407623
 -0.05111079 -0.00090879    0.19465736  0.00303870   -0.05111079 -0.00090879
  0.05848620 -0.00407623   -0.05111547 -0.00094411    0.20847758  0.00177750
    7    2
  0.00304536 -0.19462894   -0.00095775  0.05104205   -0.00097908  0.05109756
 -0.00096702  0.05116834    0.00172492 -0.20846032   -0.00404255 -0.05849930
 -0.00093293  0.05112318   -0.00408081 -0.05848491    0.00174699 -0.20842949
    7    3
 -0.18747338  0.00637393   -0.03580079 -0.00324501   -0.03573445 -0.00322685
 -0.03580742 -0.00329325   -0.18747318  0.00639641   -0.03580742 -0.00329325
 -0.03573445 -0.00322685   -0.03580079 -0.00324501   -0.18747338  0.00637393
    7    4
  0.00174699 -0.20842949   -0.00408081 -0.05848491   -0.00093293  0.05112318
 -0.00404255 -0.05849930    0.00172492 -0.20846032   -0.00096702  0.05116834
 -0.00097908  0.05109756   -0.00095775  0.05104205    0.00304536 -0.19462894
    7    5
 -0.00000489 -0.06564363   -0.03198753  0.00070713   -0.00000673  0.06873923
  0.03198418  0.00072443    0.00000775  0.05965406    0.03198418  0.00072443
 -0.00000673  0.06873923   -0.03198753  0.00070713   -0.00000489 -0.06564363
    7    6
  0.05973119  0.00000000    0.00062270 -0.03198158    0.00068370 -0.03199072
  0.00068370  0.03199072   -0.06563861  0.00001500    0.06871496  0.00000000
  0.00062270  0.03198158    0.06881374  0.00000000   -0.06563861 -0.00001500
    7    7
  0.96407016  0.00000000    0.00445073 -0.00001426    0.00451216  0.00000000
  0.00445073  0.00001426    0.96414313  0.00000000    0.00445073  0.00001426
  0.00451216  0.00000000    0.00445073 -0.00001426    0.96407016  0.00000000
    7    8
 -0.06563861 -0.00001500    0.06881374  0.00000000    0.00062270  0.03198158
  0.06871496  0.00000000   -0.06563861  0.00001500    0.00068370  0.03199072
  0.00068370 -0.03199072    0.00062270 -0.03198158    0.05973119  0.00000000
    8    1
  0.19465736  0.00303870   -0.05111079 -0.00090879   -0.05111079 -0.00090879
 -0.05111547 -0.00094411    0.20847758  0.00177750    0.05848620 -0.00407623
 -0.05111547 -0.00094411    0.05848620 -0.00407623    0.20847758  0.00177750
    8    2
  0.00172492 -0.20846032   -0.00096702  0.05116834   -0.00404255 -0.05849930
 -0.00095775  0.05104205    0.00304536 -0.19462894   -0.00097908  0.05109756
 -0.00408081 -0.05848491   -0.00093293  0.05112318    0.00174699 -0.20842949
    8    3
  0.00172492 -0.20846032   -0.00404255 -0.05849930   -0.00096702  0.05116834
 -0.00408081 -0.05848491    0.00174699 -0.20842949   -0.00093293  0.05112318
 -0.00095775  0.05104205   -0.00097908  0.05109756    0.00304536 -0.19462894
    8    4
 -0.18747318  0.00639641   -0.03580742 -0.00329325   -0.03580742 -0.00329325
 -0.03580079 -0.00324501   -0.18747338  0.00637393   -0.03573445 -0.00322685
 -0.03580079 -0.00324501   -0.03573445 -0.00322685   -0.18747338  0.00637393
    8    5
  0.00000775  0.05965406    0.03198418  0.00072443    0.03198418  0.00072443
 -0.03198753  0.00070713   -0.00000489 -0.06564363   -0.00000673  0.06873923
 -0.03198753  0.00070713   -0.00000673  0.06873923   -0.00000489 -0.06564363
    8    6
 -0.06563861  0.00001500    0.00068370  0.03199072    0.06871496  0.00000000
  0.00062270 -0.03198158    0.05973119  0.00000000    0.00068370 -0.03199072
  0.06881374  0.00000000    0.00062270  0.03198158   -0.06563861 -0.00001500
    8    7
 -0.06563861  0.00001500    0.06871496  0.00000000    0.00068370  0.03199072
  0.06881374  0.00000000   -0.06563861 -0.00001500    0.00062270  0.03198158
  0.00062270 -0.03198158    0.00068370 -0.03199072    0.05973119  0.00000000
    8    8
  0.96414313  0.00000000    0.00445073  0.00001426    0.00445073  0.00001426
  0.00445073 -0.00001426    0.96407016  0.00000000    0.00451216  0.00000000
  0.00445073 -0.00001426    0.00451216  0.00000000    0.96407016  0.00000000

     Dynamical  Matrix in cartesian axes

     q = (   -0.250000000  -0.250000000  -0.250000000 ) 

    1    1
  0.96413379 -0.00000000    0.00439319 -0.00000000    0.00439319 -0.00000000
  0.00439319 -0.00000000    0.96413379 -0.00000000    0.00439319 -0.00000000
  0.00439319 -0.00000000    0.00439319 -0.00000000    0.96413379 -0.00000000
    1    2
  0.00002310 -0.06565471    0.00000357  0.06876197   -0.03197419  0.00070380
  0.00000357  0.06876197    0.00002310 -0.06565471   -0.03197419  0.00070380
  0.03197971  0.00070506    0.03197971  0.00070506   -0.00003187  0.05971349
    1    3
  0.00002310 -0.06565471   -0.03197419  0.00070380    0.00000357  0.06876197
  0.03197971  0.00070506   -0.00003187  0.05971349    0.03197971  0.00070506
  0.00000357  0.06876197   -0.03197419  0.00070380    0.00002310 -0.06565471
    1    4
 -0.00003187  0.05971349    0.03197971  0.00070506    0.03197971  0.00070506
 -0.03197419  0.00070380    0.00002310 -0.06565471    0.00000357  0.06876197
 -0.03197419  0.00070380    0.00000357  0.06876197    0.00002310 -0.06565471
    1    5
 -0.18751522  0.00642968   -0.03579129 -0.00331289   -0.03579129 -0.00331289
 -0.03579129 -0.00331289   -0.18751522  0.00642968   -0.03579129 -0.00331289
 -0.03579129 -0.00331289   -0.03579129 -0.00331289   -0.18751522  0.00642968
    1    6
  0.20847758  0.00177750    0.05848620 -0.00407623   -0.05111079 -0.00090879
  0.05848620 -0.00407623    0.20847758  0.00177750   -0.05111079 -0.00090879
 -0.05111547 -0.00094411   -0.05111547 -0.00094411    0.19465736  0.00303870
    1    7
  0.20847758  0.00177750   -0.05111079 -0.00090879    0.05848620 -0.00407623
 -0.05111547 -0.00094411    0.19465736  0.00303870   -0.05111547 -0.00094411
  0.05848620 -0.00407623   -0.05111079 -0.00090879    0.20847758  0.00177750
    1    8
  0.19465736  0.00303870   -0.05111547 -0.00094411   -0.05111547 -0.00094411
 -0.05111079 -0.00090879    0.20847758  0.00177750    0.05848620 -0.00407623
 -0.05111079 -0.00090879    0.05848620 -0.00407623    0.20847758  0.00177750
    2    1
  0.00002310  0.06565471    0.00000357 -0.06876197    0.03197971 -0.00070506
  0.00000357 -0.06876197    0.00002310  0.06565471    0.03197971 -0.00070506
 -0.03197419 -0.00070380   -0.03197419 -0.00070380   -0.00003187 -0.05971349
    2    2
  0.96401699 -0.00000000    0.00444668 -0.00000000    0.00442071 -0.00000056
  0.00444668  0.00000000    0.96401699 -0.00000000    0.00442071 -0.00000056
  0.00442071  0.00000056    0.00442071  0.00000056    0.96419276 -0.00000000
    2    3
  0.05969790 -0.00000000    0.00071994 -0.03198016    0.00064201 -0.03202895
  0.00064201  0.03202895   -0.06562745 -0.00002780    0.06890826 -0.00000000
  0.00071994  0.03198016    0.06871831 -0.00000000   -0.06562745  0.00002780
    2    4
 -0.06562745 -0.00002780    0.00064201  0.03202895    0.06890826 -0.00000000
  0.00071994 -0.03198016    0.05969790 -0.00000000    0.00064201 -0.03202895
  0.06871831 -0.00000000    0.00071994  0.03198016   -0.06562745  0.00002780
    2    5
 -0.20844503 -0.00175979   -0.05848478  0.00407247    0.05108180  0.00094058
 -0.05848478  0.00407247   -0.20844503 -0.00175979    0.05108180  0.00094058
  0.05113289  0.00089944    0.05113289  0.00089944   -0.19469725 -0.00302455
    2    6
 -0.18747338  0.00637393   -0.03573445 -0.00322685   -0.03580742 -0.00329325
 -0.03573445 -0.00322685   -0.18747338  0.00637393   -0.03580742 -0.00329325
 -0.03580079 -0.00324501   -0.03580079 -0.00324501   -0.18747318  0.00639641
    2    7
  0.00304536 -0.19462894   -0.00096702  0.05116834   -0.00093293  0.05112318
 -0.00095775  0.05104205    0.00172492 -0.20846032   -0.00408081 -0.05848491
 -0.00097908  0.05109756   -0.00404255 -0.05849930    0.00174699 -0.20842949
    2    8
  0.00172492 -0.20846032   -0.00095775  0.05104205   -0.00408081 -0.05848491
 -0.00096702  0.05116834    0.00304536 -0.19462894   -0.00093293  0.05112318
 -0.00404255 -0.05849930   -0.00097908  0.05109756    0.00174699 -0.20842949
    3    1
  0.00002310  0.06565471    0.03197971 -0.00070506    0.00000357 -0.06876197
 -0.03197419 -0.00070380   -0.00003187 -0.05971349   -0.03197419 -0.00070380
  0.00000357 -0.06876197    0.03197971 -0.00070506    0.00002310  0.06565471
    3    2
  0.05969790 -0.00000000    0.00064201 -0.03202895    0.00071994 -0.03198016
  0.00071994  0.03198016   -0.06562745  0.00002780    0.06871831 -0.00000000
  0.00064201  0.03202895    0.06890826 -0.00000000   -0.06562745 -0.00002780
    3    3
  0.96401699 -0.00000000    0.00442071 -0.00000056    0.00444668 -0.00000000
  0.00442071  0.00000056    0.96419276 -0.00000000    0.00442071  0.00000056
  0.00444668 -0.00000000    0.00442071 -0.00000056    0.96401699 -0.00000000
    3    4
 -0.06562745 -0.00002780    0.06890826 -0.00000000    0.00064201  0.03202895
  0.06871831 -0.00000000   -0.06562745  0.00002780    0.00071994  0.03198016
  0.00071994 -0.03198016    0.00064201 -0.03202895    0.05969790 -0.00000000
    3    5
 -0.20844503 -0.00175979    0.05108180  0.00094058   -0.05848478  0.00407247
  0.05113289  0.00089944   -0.19469725 -0.00302455    0.05113289  0.00089944
 -0.05848478  0.00407247    0.05108180  0.00094058   -0.20844503 -0.00175979
    3    6
  0.00304536 -0.19462894   -0.00093293  0.05112318   -0.00096702  0.05116834
 -0.00097908  0.05109756    0.00174699 -0.20842949   -0.00404255 -0.05849930
 -0.00095775  0.05104205   -0.00408081 -0.05848491    0.00172492 -0.20846032
    3    7
 -0.18747338  0.00637393   -0.03580742 -0.00329325   -0.03573445 -0.00322685
 -0.03580079 -0.00324501   -0.18747318  0.00639641   -0.03580079 -0.00324501
 -0.03573445 -0.00322685   -0.03580742 -0.00329325   -0.18747338  0.00637393
    3    8
  0.00172492 -0.20846032   -0.00408081 -0.05848491   -0.00095775  0.05104205
 -0.00404255 -0.05849930    0.00174699 -0.20842949   -0.00097908  0.05109756
 -0.00096702  0.05116834   -0.00093293  0.05112318    0.00304536 -0.19462894
    4    1
 -0.00003187 -0.05971349   -0.03197419 -0.00070380   -0.03197419 -0.00070380
  0.03197971 -0.00070506    0.00002310  0.06565471    0.00000357 -0.06876197
  0.03197971 -0.00070506    0.00000357 -0.06876197    0.00002310  0.06565471
    4    2
 -0.06562745  0.00002780    0.00071994  0.03198016    0.06871831 -0.00000000
  0.00064201 -0.03202895    0.05969790 -0.00000000    0.00071994 -0.03198016
  0.06890826 -0.00000000    0.00064201  0.03202895   -0.06562745 -0.00002780
    4    3
 -0.06562745  0.00002780    0.06871831 -0.00000000    0.00071994  0.03198016
  0.06890826 -0.00000000   -0.06562745 -0.00002780    0.00064201  0.03202895
  0.00064201 -0.03202895    0.00071994 -0.03198016    0.05969790 -0.00000000
    4    4
  0.96419276 -0.00000000    0.00442071  0.00000056    0.00442071  0.00000056
  0.00442071 -0.00000056    0.96401699 -0.00000000    0.00444668 -0.00000000
  0.00442071 -0.00000056    0.00444668 -0.00000000    0.96401699 -0.00000000
    4    5
 -0.19469725 -0.00302455    0.05113289  0.00089944    0.05113289  0.00089944
  0.05108180  0.00094058   -0.20844503 -0.00175979   -0.05848478  0.00407247
  0.05108180  0.00094058   -0.05848478  0.00407247   -0.20844503 -0.00175979
    4    6
  0.00174699 -0.20842949   -0.00097908  0.05109756   -0.00404255 -0.05849930
 -0.00093293  0.05112318    0.00304536 -0.19462894   -0.00096702  0.05116834
 -0.00408081 -0.05848491   -0.00095775  0.05104205    0.00172492 -0.20846032
    4    7
  0.00174699 -0.20842949   -0.00404255 -0.05849930   -0.00097908  0.05109756
 -0.00408081 -0.05848491    0.00172492 -0.20846032   -0.00095775  0.05104205
 -0.00093293  0.05112318   -0.00096702  0.05116834    0.00304536 -0.19462894
    4    8
 -0.18747318  0.00639641   -0.03580079 -0.00324501   -0.03580079 -0.00324501
 -0.03580742 -0.00329325   -0.18747338  0.00637393   -0.03573445 -0.00322685
 -0.03580742 -0.00329325   -0.03573445 -0.00322685   -0.18747338  0.00637393
    5    1
 -0.18751522 -0.00642968   -0.03579129  0.00331289   -0.03579129  0.00331289
 -0.03579129  0.00331289   -0.18751522 -0.00642968   -0.03579129  0.00331289
 -0.03579129  0.00331289   -0.03579129  0.00331289   -0.18751522 -0.00642968
    5    2
 -0.20844503  0.00175979   -0.05848478 -0.00407247    0.05113289 -0.00089944
 -0.05848478 -0.00407247   -0.20844503  0.00175979    0.05113289 -0.00089944
  0.05108180 -0.00094058    0.05108180 -0.00094058   -0.19469725  0.00302455
    5    3
 -0.20844503  0.00175979    0.05113289 -0.00089944   -0.05848478 -0.00407247
  0.05108180 -0.00094058   -0.19469725  0.00302455    0.05108180 -0.00094058
 -0.05848478 -0.00407247    0.05113289 -0.00089944   -0.20844503  0.00175979
    5    4
 -0.19469725  0.00302455    0.05108180 -0.00094058    0.05108180 -0.00094058
  0.05113289 -0.00089944   -0.20844503  0.00175979   -0.05848478 -0.00407247
  0.05113289 -0.00089944   -0.05848478 -0.00407247   -0.20844503  0.00175979
    5    5
  0.96410857 -0.00000000    0.00439119  0.00000000    0.00439119 -0.00000000
  0.00439119 -0.00000000    0.96410857 -0.00000000    0.00439119 -0.00000000
  0.00439119 -0.00000000    0.00439119 -0.00000000    0.96410857 -0.00000000
    5    6
 -0.00000489 -0.06564363   -0.00000673  0.06873923    0.03198418  0.00072443
 -0.00000673  0.06873923   -0.00000489 -0.06564363    0.03198418  0.00072443
 -0.03198753  0.00070713   -0.03198753  0.00070713    0.00000775  0.05965406
    5    7
 -0.00000489 -0.06564363    0.03198418  0.00072443   -0.00000673  0.06873923
 -0.03198753  0.00070713    0.00000775  0.05965406   -0.03198753  0.00070713
 -0.00000673  0.06873923    0.03198418  0.00072443   -0.00000489 -0.06564363
    5    8
  0.00000775  0.05965406   -0.03198753  0.00070713   -0.03198753  0.00070713
  0.03198418  0.00072443   -0.00000489 -0.06564363   -0.00000673  0.06873923
  0.03198418  0.00072443   -0.00000673  0.06873923   -0.00000489 -0.06564363
    6    1
  0.20847758 -0.00177750    0.05848620  0.00407623   -0.05111547  0.00094411
  0.05848620  0.00407623    0.20847758 -0.00177750   -0.05111547  0.00094411
 -0.05111079  0.00090879   -0.05111079  0.00090879    0.19465736 -0.00303870
    6    2
 -0.18747338 -0.00637393   -0.03573445  0.00322685   -0.03580079  0.00324501
 -0.03573445  0.00322685   -0.18747338 -0.00637393   -0.03580079  0.00324501
 -0.03580742  0.00329325   -0.03580742  0.00329325   -0.18747318 -0.00639641
    6    3
  0.00304536  0.19462894   -0.00097908 -0.05109756   -0.00095775 -0.05104205
 -0.00093293 -0.05112318    0.00174699  0.20842949   -0.00408081  0.05848491
 -0.00096702 -0.05116834   -0.00404255  0.05849930    0.00172492  0.20846032
    6    4
  0.00174699  0.20842949   -0.00093293 -0.05112318   -0.00408081  0.05848491
 -0.00097908 -0.05109756    0.00304536  0.19462894   -0.00095775 -0.05104205
 -0.00404255  0.05849930   -0.00096702 -0.05116834    0.00172492  0.20846032
    6    5
 -0.00000489  0.06564363   -0.00000673 -0.06873923   -0.03198753 -0.00070713
 -0.00000673 -0.06873923   -0.00000489  0.06564363   -0.03198753 -0.00070713
  0.03198418 -0.00072443    0.03198418 -0.00072443    0.00000775 -0.05965406
    6    6
  0.96407016 -0.00000000    0.00451216  0.00000000    0.00445073  0.00001426
  0.00451216 -0.00000000    0.96407016 -0.00000000    0.00445073  0.00001426
  0.00445073 -0.00001426    0.00445073 -0.00001426    0.96414313 -0.00000000
    6    7
  0.05973119 -0.00000000    0.00068370  0.03199072    0.00062270  0.03198158
  0.00062270 -0.03198158   -0.06563861  0.00001500    0.06881374 -0.00000000
  0.00068370 -0.03199072    0.06871496 -0.00000000   -0.06563861 -0.00001500
    6    8
 -0.06563861  0.00001500    0.00062270 -0.03198158    0.06881374 -0.00000000
  0.00068370  0.03199072    0.05973119 -0.00000000    0.00062270  0.03198158
  0.06871496 -0.00000000    0.00068370 -0.03199072   -0.06563861 -0.00001500
    7    1
  0.20847758 -0.00177750   -0.05111547  0.00094411    0.05848620  0.00407623
 -0.05111079  0.00090879    0.19465736 -0.00303870   -0.05111079  0.00090879
  0.05848620  0.00407623   -0.05111547  0.00094411    0.20847758 -0.00177750
    7    2
  0.00304536  0.19462894   -0.00095775 -0.05104205   -0.00097908 -0.05109756
 -0.00096702 -0.05116834    0.00172492  0.20846032   -0.00404255  0.05849930
 -0.00093293 -0.05112318   -0.00408081  0.05848491    0.00174699  0.20842949
    7    3
 -0.18747338 -0.00637393   -0.03580079  0.00324501   -0.03573445  0.00322685
 -0.03580742  0.00329325   -0.18747318 -0.00639641   -0.03580742  0.00329325
 -0.03573445  0.00322685   -0.03580079  0.00324501   -0.18747338 -0.00637393
    7    4
  0.00174699  0.20842949   -0.00408081  0.05848491   -0.00093293 -0.05112318
 -0.00404255  0.05849930    0.00172492  0.20846032   -0.00096702 -0.05116834
 -0.00097908 -0.05109756   -0.00095775 -0.05104205    0.00304536  0.19462894
    7    5
 -0.00000489  0.06564363   -0.03198753 -0.00070713   -0.00000673 -0.06873923
  0.03198418 -0.00072443    0.00000775 -0.05965406    0.03198418 -0.00072443
 -0.00000673 -0.06873923   -0.03198753 -0.00070713   -0.00000489  0.06564363
    7    6
  0.05973119 -0.00000000    0.00062270  0.03198158    0.00068370  0.03199072
  0.00068370 -0.03199072   -0.06563861 -0.00001500    0.06871496 -0.00000000
  0.00062270 -0.03198158    0.06881374 -0.00000000   -0.06563861  0.00001500
    7    7
  0.96407016 -0.00000000    0.00445073  0.00001426    0.00451216 -0.00000000
  0.00445073 -0.00001426    0.96414313 -0.00000000    0.00445073 -0.00001426
  0.00451216 -0.00000000    0.00445073  0.00001426    0.96407016 -0.00000000
    7    8
 -0.06563861  0.00001500    0.06881374 -0.00000000    0.00062270 -0.03198158
  0.06871496 -0.00000000   -0.06563861 -0.00001500    0.00068370 -0.03199072
  0.00068370  0.03199072    0.00062270  0.03198158    0.05973119 -0.00000000
    8    1
  0.19465736 -0.00303870   -0.05111079  0.00090879   -0.05111079  0.00090879
 -0.05111547  0.00094411    0.20847758 -0.00177750    0.05848620  0.00407623
 -0.05111547  0.00094411    0.05848620  0.00407623    0.20847758 -0.00177750
    8    2
  0.00172492  0.20846032   -0.00096702 -0.05116834   -0.00404255  0.05849930
 -0.00095775 -0.05104205    0.00304536  0.19462894   -0.00097908 -0.05109756
 -0.00408081  0.05848491   -0.00093293 -0.05112318    0.00174699  0.20842949
    8    3
  0.00172492  0.20846032   -0.00404255  0.05849930   -0.00096702 -0.05116834
 -0.00408081  0.05848491    0.00174699  0.20842949   -0.00093293 -0.05112318
 -0.00095775 -0.05104205   -0.00097908 -0.05109756    0.00304536  0.19462894
    8    4
 -0.18747318 -0.00639641   -0.03580742  0.00329325   -0.03580742  0.00329325
 -0.03580079  0.00324501   -0.18747338 -0.00637393   -0.03573445  0.00322685
 -0.03580079  0.00324501   -0.03573445  0.00322685   -0.18747338 -0.00637393
    8    5
  0.00000775 -0.05965406    0.03198418 -0.00072443    0.03198418 -0.00072443
 -0.03198753 -0.00070713   -0.00000489  0.06564363   -0.00000673 -0.06873923
 -0.03198753 -0.00070713   -0.00000673 -0.06873923   -0.00000489  0.06564363
    8    6
 -0.06563861 -0.00001500    0.00068370 -0.03199072    0.06871496 -0.00000000
  0.00062270  0.03198158    0.05973119 -0.00000000    0.00068370  0.03199072
  0.06881374 -0.00000000    0.00062270 -0.03198158   -0.06563861  0.00001500
    8    7
 -0.06563861 -0.00001500    0.06871496 -0.00000000    0.00068370 -0.03199072
  0.06881374 -0.00000000   -0.06563861  0.00001500    0.00062270 -0.03198158
  0.00062270  0.03198158    0.00068370  0.03199072    0.05973119 -0.00000000
    8    8
  0.96414313 -0.00000000    0.00445073 -0.00001426    0.00445073 -0.00001426
  0.00445073  0.00001426    0.96407016 -0.00000000    0.00451216 -0.00000000
  0.00445073  0.00001426    0.00451216 -0.00000000    0.96407016 -0.00000000

     Dynamical  Matrix in cartesian axes

     q = (   -0.250000000  -0.250000000   0.250000000 ) 

    1    1
  0.96413379  0.00000000    0.00439319  0.00000000   -0.00439319  0.00000000
  0.00439319  0.00000000    0.96413379  0.00000000   -0.00439319  0.00000000
 -0.00439319  0.00000000   -0.00439319  0.00000000    0.96413379  0.00000000
    1    2
 -0.00002310 -0.06565471   -0.00000357  0.06876197   -0.03197419 -0.00070380
 -0.00000357  0.06876197   -0.00002310 -0.06565471   -0.03197419 -0.00070380
  0.03197971 -0.00070506    0.03197971 -0.00070506    0.00003187  0.05971349
    1    3
 -0.06565471  0.00002310    0.00070380 -0.03197419   -0.06876197 -0.00000357
  0.00070506  0.03197971    0.05971349 -0.00003187   -0.00070506 -0.03197971
 -0.06876197 -0.00000357   -0.00070380  0.03197419   -0.06565471  0.00002310
    1    4
  0.05971349 -0.00003187    0.00070506  0.03197971   -0.00070506 -0.03197971
  0.00070380 -0.03197419   -0.06565471  0.00002310   -0.06876197 -0.00000357
 -0.00070380  0.03197419   -0.06876197 -0.00000357   -0.06565471  0.00002310
    1    5
 -0.20847758  0.00177750   -0.05848620 -0.00407623   -0.05111079  0.00090879
 -0.05848620 -0.00407623   -0.20847758  0.00177750   -0.05111079  0.00090879
 -0.05111547  0.00094411   -0.05111547  0.00094411   -0.19465736  0.00303870
    1    6
  0.18751522  0.00642968    0.03579129 -0.00331289   -0.03579129  0.00331289
  0.03579129 -0.00331289    0.18751522  0.00642968   -0.03579129  0.00331289
 -0.03579129  0.00331289   -0.03579129  0.00331289    0.18751522  0.00642968
    1    7
 -0.19465736  0.00303870    0.05111547 -0.00094411   -0.05111547  0.00094411
  0.05111079 -0.00090879   -0.20847758  0.00177750    0.05848620  0.00407623
 -0.05111079  0.00090879    0.05848620  0.00407623   -0.20847758  0.00177750
    1    8
 -0.20847758  0.00177750    0.05111079 -0.00090879    0.05848620  0.00407623
  0.05111547 -0.00094411   -0.19465736  0.00303870   -0.05111547  0.00094411
  0.05848620  0.00407623   -0.05111079  0.00090879   -0.20847758  0.00177750
    2    1
 -0.00002310  0.06565471   -0.00000357 -0.06876197    0.03197971  0.00070506
 -0.00000357 -0.06876197   -0.00002310  0.06565471    0.03197971  0.00070506
 -0.03197419  0.00070380   -0.03197419  0.00070380    0.00003187 -0.05971349
    2    2
  0.96401699  0.00000000    0.00444668  0.00000000   -0.00442071 -0.00000056
  0.00444668  0.00000000    0.96401699  0.00000000   -0.00442071 -0.00000056
 -0.00442071  0.00000056   -0.00442071  0.00000056    0.96419276  0.00000000
    2    3
  0.00000000 -0.05969790    0.03198016 -0.00071994   -0.03202895  0.00064201
 -0.03202895 -0.00064201    0.00002780  0.06562745   -0.00000000  0.06890826
  0.03198016  0.00071994   -0.00000000  0.06871831   -0.00002780  0.06562745
    2    4
  0.00002780  0.06562745   -0.03202895 -0.00064201   -0.00000000  0.06890826
  0.03198016 -0.00071994    0.00000000 -0.05969790   -0.03202895  0.00064201
 -0.00000000  0.06871831    0.03198016  0.00071994   -0.00002780  0.06562745
    2    5
 -0.18747338 -0.00637393   -0.03573445  0.00322685    0.03580742 -0.00329325
 -0.03573445  0.00322685   -0.18747338 -0.00637393    0.03580742 -0.00329325
  0.03580079 -0.00324501    0.03580079 -0.00324501   -0.18747318 -0.00639641
    2    6
 -0.20844503  0.00175979   -0.05848478 -0.00407247   -0.05108180  0.00094058
 -0.05848478 -0.00407247   -0.20844503  0.00175979   -0.05108180  0.00094058
 -0.05113289  0.00089944   -0.05113289  0.00089944   -0.19469725  0.00302455
    2    7
  0.00172492  0.20846032   -0.00095775 -0.05104205    0.00408081 -0.05848491
 -0.00096702 -0.05116834    0.00304536  0.19462894    0.00093293  0.05112318
  0.00404255 -0.05849930    0.00097908  0.05109756    0.00174699  0.20842949
    2    8
  0.00304536  0.19462894   -0.00096702 -0.05116834    0.00093293  0.05112318
 -0.00095775 -0.05104205    0.00172492  0.20846032    0.00408081 -0.05848491
  0.00097908  0.05109756    0.00404255 -0.05849930    0.00174699  0.20842949
    3    1
 -0.06565471 -0.00002310    0.00070506 -0.03197971   -0.06876197  0.00000357
  0.00070380  0.03197419    0.05971349  0.00003187   -0.00070380 -0.03197419
 -0.06876197  0.00000357   -0.00070506  0.03197971   -0.06565471 -0.00002310
    3    2
  0.00000000  0.05969790   -0.03202895  0.00064201    0.03198016 -0.00071994
  0.03198016  0.00071994    0.00002780 -0.06562745   -0.00000000 -0.06871831
 -0.03202895 -0.00064201   -0.00000000 -0.06890826   -0.00002780 -0.06562745
    3    3
  0.96401699  0.00000000    0.00442071  0.00000056   -0.00444668 -0.00000000
  0.00442071 -0.00000056    0.96419276  0.00000000   -0.00442071  0.00000056
 -0.00444668  0.00000000   -0.00442071 -0.00000056    0.96401699  0.00000000
    3    4
 -0.06562745  0.00002780    0.06890826  0.00000000   -0.00064201  0.03202895
  0.06871831  0.00000000   -0.06562745 -0.00002780   -0.00071994  0.03198016
 -0.00071994 -0.03198016   -0.00064201 -0.03202895    0.05969790  0.00000000
    3    5
 -0.19462894  0.00304536    0.05112318 -0.00093293   -0.05116834  0.00096702
  0.05109756 -0.00097908   -0.20842949  0.00174699    0.05849930  0.00404255
 -0.05104205  0.00095775    0.05848491  0.00408081   -0.20846032  0.00172492
    3    6
 -0.00175979 -0.20844503    0.00094058  0.05108180   -0.00407247  0.05848478
  0.00089944  0.05113289   -0.00302455 -0.19469725   -0.00089944 -0.05113289
 -0.00407247  0.05848478   -0.00094058 -0.05108180   -0.00175979 -0.20844503
    3    7
 -0.20846032  0.00172492   -0.05848491 -0.00408081   -0.05104205  0.00095775
 -0.05849930 -0.00404255   -0.20842949  0.00174699   -0.05109756  0.00097908
 -0.05116834  0.00096702   -0.05112318  0.00093293   -0.19462894  0.00304536
    3    8
  0.00637393 -0.18747338   -0.00329325 -0.03580742    0.00322685  0.03573445
 -0.00324501 -0.03580079    0.00639641 -0.18747318    0.00324501  0.03580079
  0.00322685  0.03573445    0.00329325  0.03580742    0.00637393 -0.18747338
    4    1
  0.05971349  0.00003187    0.00070380  0.03197419   -0.00070380 -0.03197419
  0.00070506 -0.03197971   -0.06565471 -0.00002310   -0.06876197  0.00000357
 -0.00070506  0.03197971   -0.06876197  0.00000357   -0.06565471 -0.00002310
    4    2
  0.00002780 -0.06562745    0.03198016  0.00071994   -0.00000000 -0.06871831
 -0.03202895  0.00064201    0.00000000  0.05969790    0.03198016 -0.00071994
 -0.00000000 -0.06890826   -0.03202895 -0.00064201   -0.00002780 -0.06562745
    4    3
 -0.06562745 -0.00002780    0.06871831  0.00000000   -0.00071994  0.03198016
  0.06890826  0.00000000   -0.06562745  0.00002780   -0.00064201  0.03202895
 -0.00064201 -0.03202895   -0.00071994 -0.03198016    0.05969790  0.00000000
    4    4
  0.96419276  0.00000000    0.00442071 -0.00000056   -0.00442071  0.00000056
  0.00442071  0.00000056    0.96401699  0.00000000   -0.00444668  0.00000000
 -0.00442071 -0.00000056   -0.00444668  0.00000000    0.96401699  0.00000000
    4    5
 -0.20842949  0.00174699    0.05109756 -0.00097908    0.05849930  0.00404255
  0.05112318 -0.00093293   -0.19462894  0.00304536   -0.05116834  0.00096702
  0.05848491  0.00408081   -0.05104205  0.00095775   -0.20846032  0.00172492
    4    6
 -0.00302455 -0.19469725    0.00089944  0.05113289   -0.00089944 -0.05113289
  0.00094058  0.05108180   -0.00175979 -0.20844503   -0.00407247  0.05848478
 -0.00094058 -0.05108180   -0.00407247  0.05848478   -0.00175979 -0.20844503
    4    7
  0.00639641 -0.18747318   -0.00324501 -0.03580079    0.00324501  0.03580079
 -0.00329325 -0.03580742    0.00637393 -0.18747338    0.00322685  0.03573445
  0.00329325  0.03580742    0.00322685  0.03573445    0.00637393 -0.18747338
    4    8
 -0.20842949  0.00174699   -0.05849930 -0.00404255   -0.05109756  0.00097908
 -0.05848491 -0.00408081   -0.20846032  0.00172492   -0.05104205  0.00095775
 -0.05112318  0.00093293   -0.05116834  0.00096702   -0.19462894  0.00304536
    5    1
