Dynamical matrix file
                                                                           
  1    8  0  6.6490000  0.0000000  0.0000000  0.0000000  0.0000000  0.0000000
Basis vectors
      1.000000000    0.000000000    0.000000000
      0.000000000    1.000000000    0.000000000
      0.000000000    0.000000000    1.000000000
           1  'C   '    10947.083358978085     
    1    1      0.0000000000      0.0000000000      0.0000000000
    2    1      0.5000000000      0.5000000000      0.0000000000
    3    1      0.5000000000      0.0000000000      0.5000000000
    4    1      0.0000000000      0.5000000000      0.5000000000
    5    1      0.2500000000      0.2500000000      0.2500000000
    6    1      0.7500000000      0.7500000000      0.2500000000
    7    1      0.7500000000      0.2500000000      0.7500000000
    8    1      0.2500000000      0.7500000000      0.7500000000

     Dynamical  Matrix in cartesian axes

     q = (    0.250000000   0.250000000  -0.500000000 ) 

    1    1
  0.96503314  0.00000000    0.00409434  0.00000000    0.00000000 -0.00586900
  0.00409434  0.00000000    0.96503314  0.00000000    0.00000000 -0.00586900
  0.00000000  0.00586900    0.00000000  0.00586900    0.96740124  0.00000000
    1    2
 -0.00000000  0.06292365    0.00000000 -0.06985799   -0.03060677 -0.00000000
  0.00000000 -0.06985799   -0.00000000  0.06292365   -0.03060677 -0.00000000
  0.03061013  0.00000000    0.03061013  0.00000000    0.00000000 -0.05722389
    1    3
 -0.00000072  0.00000072   -0.03285845  0.03285845   -0.06833895 -0.06833895
  0.03285734 -0.03285734    0.00000220 -0.00000220   -0.00066634 -0.00066634
 -0.06836375 -0.06836375   -0.00067297 -0.00067297   -0.00000677  0.00000677
    1    4
  0.00000220 -0.00000220    0.03285734 -0.03285734   -0.00066634 -0.00066634
 -0.03285845  0.03285845   -0.00000072  0.00000072   -0.06833895 -0.06833895
 -0.00067297 -0.00067297   -0.06836375 -0.06836375   -0.00000677  0.00000677
    1    5
 -0.19982915 -0.01141448   -0.04770913 -0.00990716   -0.04111401 -0.00688887
 -0.04770913 -0.00990716   -0.19982915 -0.01141448   -0.04111401 -0.00688887
 -0.04111281 -0.00688303   -0.04111281 -0.00688303   -0.19281022 -0.00599991
    1    6
  0.19982915 -0.01141448    0.04770913 -0.00990716   -0.04111401  0.00688887
  0.04770913 -0.00990716    0.19982915 -0.01141448   -0.04111401  0.00688887
 -0.04111281  0.00688303   -0.04111281  0.00688303    0.19281022 -0.00599991
    1    7
  0.00449107 -0.20370668    0.00000391  0.05209718    0.00662440 -0.05266198
 -0.00000391  0.05209718   -0.00449107 -0.20370668    0.00662440  0.05266198
  0.00662773 -0.05270076    0.00662773  0.05270076    0.00000000 -0.21046256
    1    8
 -0.00449107 -0.20370668   -0.00000391  0.05209718    0.00662440  0.05266198
  0.00000391  0.05209718    0.00449107 -0.20370668    0.00662440 -0.05266198
  0.00662773  0.05270076    0.00662773 -0.05270076    0.00000000 -0.21046256
    2    1
 -0.00000000 -0.06292365    0.00000000  0.06985799    0.03061013 -0.00000000
  0.00000000  0.06985799   -0.00000000 -0.06292365    0.03061013 -0.00000000
 -0.03060677  0.00000000   -0.03060677  0.00000000    0.00000000  0.05722389
    2    2
  0.96500303  0.00000000    0.00409647  0.00000000    0.00000000 -0.00586246
  0.00409647  0.00000000    0.96500303  0.00000000    0.00000000 -0.00586246
  0.00000000  0.00586246    0.00000000  0.00586246    0.96742116  0.00000000
    2    3
 -0.00000475 -0.00000475    0.03286201  0.03286201    0.00067607 -0.00067607
 -0.03286282 -0.03286282    0.00000131  0.00000131    0.06834883 -0.06834883
  0.00066565 -0.00066565    0.06837141 -0.06837141   -0.00000621 -0.00000621
    2    4
  0.00000131  0.00000131   -0.03286282 -0.03286282    0.06834883 -0.06834883
  0.03286201  0.03286201   -0.00000475 -0.00000475    0.00067607 -0.00067607
  0.06837141 -0.06837141    0.00066565 -0.00066565   -0.00000621 -0.00000621
    2    5
 -0.19983229  0.01141456   -0.04771196  0.00990730    0.04110792 -0.00688186
 -0.04771196  0.00990730   -0.19983229  0.01141456    0.04110792 -0.00688186
  0.04111042 -0.00688095    0.04111042 -0.00688095   -0.19281188  0.00599657
    2    6
 -0.19983229 -0.01141456   -0.04771196 -0.00990730   -0.04110792 -0.00688186
 -0.04771196 -0.00990730   -0.19983229 -0.01141456   -0.04110792 -0.00688186
 -0.04111042 -0.00688095   -0.04111042 -0.00688095   -0.19281188 -0.00599657
    2    7
  0.20370855 -0.00449597   -0.05209598  0.00000078   -0.05266267  0.00662827
 -0.05209598 -0.00000078    0.20370855  0.00449597    0.05266267  0.00662827
 -0.05271053  0.00662676    0.05271053  0.00662676    0.21046881  0.00000000
    2    8
  0.20370855  0.00449597   -0.05209598 -0.00000078    0.05266267  0.00662827
 -0.05209598  0.00000078    0.20370855 -0.00449597   -0.05266267  0.00662827
  0.05271053  0.00662676   -0.05271053  0.00662676    0.21046881  0.00000000
    3    1
 -0.00000072 -0.00000072    0.03285734  0.03285734   -0.06836375  0.06836375
 -0.03285845 -0.03285845    0.00000220  0.00000220   -0.00067297  0.00067297
 -0.06833895  0.06833895   -0.00066634  0.00066634   -0.00000677 -0.00000677
    3    2
 -0.00000475  0.00000475   -0.03286282  0.03286282    0.00066565  0.00066565
  0.03286201 -0.03286201    0.00000131 -0.00000131    0.06837141  0.06837141
  0.00067607  0.00067607    0.06834883  0.06834883   -0.00000621  0.00000621
    3    3
  0.96503525  0.00000000    0.00410844  0.00000000    0.00000000 -0.00586211
  0.00410844  0.00000000    0.96510940  0.00000000    0.00000000 -0.00584010
  0.00000000  0.00586211    0.00000000  0.00584010    0.96737313  0.00000000
    3    4
 -0.06293793  0.00000000    0.06988395  0.00000000    0.00000000 -0.03061599
  0.06985404  0.00000000   -0.06293793  0.00000000    0.00000000 -0.03065167
  0.00000000  0.03065167    0.00000000  0.03061599    0.05721475  0.00000000
    3    5
 -0.20370263 -0.00450414    0.05209866  0.00000688   -0.05270373 -0.00661433
  0.05210600 -0.00001348   -0.20370392  0.00451451    0.05269869 -0.00662078
 -0.05267104 -0.00662524    0.05267879 -0.00661988   -0.21047224  0.00000886
    3    6
  0.00450414  0.20370263   -0.00000688 -0.05209866   -0.00661433 -0.05270373
  0.00001348 -0.05210600   -0.00451451  0.20370392   -0.00662078  0.05269869
 -0.00662524 -0.05267104   -0.00661988  0.05267879   -0.00000886  0.21047224
    3    7
 -0.19980159 -0.01139286   -0.04771573 -0.00992215   -0.04111612 -0.00689086
 -0.04771346 -0.00991800   -0.19979691 -0.01139436   -0.04112224 -0.00689343
 -0.04108477 -0.00690076   -0.04110576 -0.00688669   -0.19282627 -0.00602463
    3    8
  0.01139286  0.19980159    0.00992215  0.04771573   -0.00689086 -0.04111612
  0.00991800  0.04771346    0.01139436  0.19979691   -0.00689343 -0.04112224
 -0.00690076 -0.04108477   -0.00688669 -0.04110576    0.00602463  0.19282627
    4    1
  0.00000220  0.00000220   -0.03285845 -0.03285845   -0.00067297  0.00067297
  0.03285734  0.03285734   -0.00000072 -0.00000072   -0.06836375  0.06836375
 -0.00066634  0.00066634   -0.06833895  0.06833895   -0.00000677 -0.00000677
    4    2
  0.00000131 -0.00000131    0.03286201 -0.03286201    0.06837141  0.06837141
 -0.03286282  0.03286282   -0.00000475  0.00000475    0.00066565  0.00066565
  0.06834883  0.06834883    0.00067607  0.00067607   -0.00000621  0.00000621
    4    3
 -0.06293793  0.00000000    0.06985404  0.00000000    0.00000000 -0.03065167
  0.06988395  0.00000000   -0.06293793  0.00000000    0.00000000 -0.03061599
  0.00000000  0.03061599    0.00000000  0.03065167    0.05721475  0.00000000
    4    4
  0.96510940  0.00000000    0.00410844  0.00000000    0.00000000 -0.00584010
  0.00410844  0.00000000    0.96503525  0.00000000    0.00000000 -0.00586211
  0.00000000  0.00584010    0.00000000  0.00586211    0.96737313  0.00000000
    4    5
 -0.20370392  0.00451451    0.05210600 -0.00001348    0.05269869 -0.00662078
  0.05209866  0.00000688   -0.20370263 -0.00450414   -0.05270373 -0.00661433
  0.05267879 -0.00661988   -0.05267104 -0.00662524   -0.21047224  0.00000886
    4    6
 -0.00451451  0.20370392    0.00001348 -0.05210600   -0.00662078  0.05269869
 -0.00000688 -0.05209866    0.00450414  0.20370263   -0.00661433 -0.05270373
 -0.00661988  0.05267879   -0.00662524 -0.05267104   -0.00000886  0.21047224
    4    7
  0.01139436  0.19979691    0.00991800  0.04771346   -0.00689343 -0.04112224
  0.00992215  0.04771573    0.01139286  0.19980159   -0.00689086 -0.04111612
 -0.00688669 -0.04110576   -0.00690076 -0.04108477    0.00602463  0.19282627
    4    8
 -0.19979691 -0.01139436   -0.04771346 -0.00991800   -0.04112224 -0.00689343
 -0.04771573 -0.00992215   -0.19980159 -0.01139286   -0.04111612 -0.00689086
 -0.04110576 -0.00688669   -0.04108477 -0.00690076   -0.19282627 -0.00602463
    5    1
 -0.19982915  0.01141448   -0.04770913  0.00990716   -0.04111281  0.00688303
 -0.04770913  0.00990716   -0.19982915  0.01141448   -0.04111281  0.00688303
 -0.04111401  0.00688887   -0.04111401  0.00688887   -0.19281022  0.00599991
    5    2
 -0.19983229 -0.01141456   -0.04771196 -0.00990730    0.04111042  0.00688095
 -0.04771196 -0.00990730   -0.19983229 -0.01141456    0.04111042  0.00688095
  0.04110792  0.00688186    0.04110792  0.00688186   -0.19281188 -0.00599657
    5    3
 -0.20370263  0.00450414    0.05210600  0.00001348   -0.05267104  0.00662524
  0.05209866 -0.00000688   -0.20370392 -0.00451451    0.05267879  0.00661988
 -0.05270373  0.00661433    0.05269869  0.00662078   -0.21047224 -0.00000886
    5    4
 -0.20370392 -0.00451451    0.05209866 -0.00000688    0.05267879  0.00661988
  0.05210600  0.00001348   -0.20370263  0.00450414   -0.05267104  0.00662524
  0.05269869  0.00662078   -0.05270373  0.00661433   -0.21047224 -0.00000886
    5    5
  0.96500747  0.00000000    0.00409197  0.00000000   -0.00000511  0.00586389
  0.00409197  0.00000000    0.96500747  0.00000000   -0.00000511  0.00586389
 -0.00000511 -0.00586389   -0.00000511 -0.00586389    0.96738519  0.00000000
    5    6
 -0.00000294  0.06292576   -0.00000293 -0.06985592    0.03061207  0.00000004
 -0.00000293 -0.06985592   -0.00000294  0.06292576    0.03061207  0.00000004
 -0.03061207 -0.00000004   -0.03061207 -0.00000004    0.00000530 -0.05722866
    5    7
 -0.00000699  0.00000757    0.03285872 -0.03285923   -0.06834427 -0.06834111
 -0.03285780  0.03285910    0.00000713 -0.00000849   -0.00067543 -0.00067233
 -0.06835764 -0.06835748   -0.00065560 -0.00066042    0.00000253  0.00000279
    5    8
  0.00000713 -0.00000849   -0.03285780  0.03285910   -0.00067543 -0.00067233
  0.03285872 -0.03285923   -0.00000699  0.00000757   -0.06834427 -0.06834111
 -0.00065560 -0.00066042   -0.06835764 -0.06835748    0.00000253  0.00000279
    6    1
  0.19982915  0.01141448    0.04770913  0.00990716   -0.04111281 -0.00688303
  0.04770913  0.00990716    0.19982915  0.01141448   -0.04111281 -0.00688303
 -0.04111401 -0.00688887   -0.04111401 -0.00688887    0.19281022  0.00599991
    6    2
 -0.19983229  0.01141456   -0.04771196  0.00990730   -0.04111042  0.00688095
 -0.04771196  0.00990730   -0.19983229  0.01141456   -0.04111042  0.00688095
 -0.04110792  0.00688186   -0.04110792  0.00688186   -0.19281188  0.00599657
    6    3
  0.00450414 -0.20370263    0.00001348  0.05210600   -0.00662524  0.05267104
 -0.00000688  0.05209866   -0.00451451 -0.20370392   -0.00661988 -0.05267879
 -0.00661433  0.05270373   -0.00662078 -0.05269869   -0.00000886 -0.21047224
    6    4
 -0.00451451 -0.20370392   -0.00000688  0.05209866   -0.00661988 -0.05267879
  0.00001348  0.05210600    0.00450414 -0.20370263   -0.00662524  0.05267104
 -0.00662078 -0.05269869   -0.00661433  0.05270373   -0.00000886 -0.21047224
    6    5
 -0.00000294 -0.06292576   -0.00000293  0.06985592   -0.03061207  0.00000004
 -0.00000293  0.06985592   -0.00000294 -0.06292576   -0.03061207  0.00000004
  0.03061207 -0.00000004    0.03061207 -0.00000004    0.00000530  0.05722866
    6    6
  0.96500747  0.00000000    0.00409197  0.00000000    0.00000511  0.00586389
  0.00409197  0.00000000    0.96500747  0.00000000    0.00000511  0.00586389
  0.00000511 -0.00586389    0.00000511 -0.00586389    0.96738519  0.00000000
    6    7
  0.00000713  0.00000849   -0.03285780 -0.03285910    0.00067543 -0.00067233
  0.03285872  0.03285923   -0.00000699 -0.00000757    0.06834427 -0.06834111
  0.00065560 -0.00066042    0.06835764 -0.06835748    0.00000253 -0.00000279
    6    8
 -0.00000699 -0.00000757    0.03285872  0.03285923    0.06834427 -0.06834111
 -0.03285780 -0.03285910    0.00000713  0.00000849    0.00067543 -0.00067233
  0.06835764 -0.06835748    0.00065560 -0.00066042    0.00000253 -0.00000279
    7    1
  0.00449107  0.20370668   -0.00000391 -0.05209718    0.00662773  0.05270076
  0.00000391 -0.05209718   -0.00449107  0.20370668    0.00662773 -0.05270076
  0.00662440  0.05266198    0.00662440 -0.05266198    0.00000000  0.21046256
    7    2
  0.20370855  0.00449597   -0.05209598  0.00000078   -0.05271053 -0.00662676
 -0.05209598 -0.00000078    0.20370855 -0.00449597    0.05271053 -0.00662676
 -0.05266267 -0.00662827    0.05266267 -0.00662827    0.21046881  0.00000000
    7    3
 -0.19980159  0.01139286   -0.04771346  0.00991800   -0.04108477  0.00690076
 -0.04771573  0.00992215   -0.19979691  0.01139436   -0.04110576  0.00688669
 -0.04111612  0.00689086   -0.04112224  0.00689343   -0.19282627  0.00602463
    7    4
  0.01139436 -0.19979691    0.00992215 -0.04771573   -0.00688669  0.04110576
  0.00991800 -0.04771346    0.01139286 -0.19980159   -0.00690076  0.04108477
 -0.00689343  0.04112224   -0.00689086  0.04111612    0.00602463 -0.19282627
    7    5
 -0.00000699 -0.00000757   -0.03285780 -0.03285910   -0.06835764  0.06835748
  0.03285872  0.03285923    0.00000713  0.00000849   -0.00065560  0.00066042
 -0.06834427  0.06834111   -0.00067543  0.00067233    0.00000253 -0.00000279
    7    6
  0.00000713 -0.00000849    0.03285872 -0.03285923    0.00065560  0.00066042
 -0.03285780  0.03285910   -0.00000699  0.00000757    0.06835764  0.06835748
  0.00067543  0.00067233    0.06834427  0.06834111    0.00000253  0.00000279
    7    7
  0.96502013  0.00000000    0.00406280  0.00000285   -0.00000174  0.00587170
  0.00406280 -0.00000285    0.96502013  0.00000000    0.00000174  0.00587170
 -0.00000174 -0.00587170    0.00000174 -0.00587170    0.96735526  0.00000000
    7    8
 -0.06293939 -0.00000025    0.06988449  0.00000000    0.00000118  0.03060472
  0.06988449  0.00000000   -0.06293939  0.00000025   -0.00000118  0.03060472
 -0.00000118 -0.03060472    0.00000118 -0.03060472    0.05726058  0.00000000
    8    1
 -0.00449107  0.20370668    0.00000391 -0.05209718    0.00662773 -0.05270076
 -0.00000391 -0.05209718    0.00449107  0.20370668    0.00662773  0.05270076
  0.00662440 -0.05266198    0.00662440  0.05266198    0.00000000  0.21046256
    8    2
  0.20370855 -0.00449597   -0.05209598 -0.00000078    0.05271053 -0.00662676
 -0.05209598  0.00000078    0.20370855  0.00449597   -0.05271053 -0.00662676
  0.05266267 -0.00662827   -0.05266267 -0.00662827    0.21046881  0.00000000
    8    3
  0.01139286 -0.19980159    0.00991800 -0.04771346   -0.00690076  0.04108477
  0.00992215 -0.04771573    0.01139436 -0.19979691   -0.00688669  0.04110576
 -0.00689086  0.04111612   -0.00689343  0.04112224    0.00602463 -0.19282627
    8    4
 -0.19979691  0.01139436   -0.04771573  0.00992215   -0.04110576  0.00688669
 -0.04771346  0.00991800   -0.19980159  0.01139286   -0.04108477  0.00690076
 -0.04112224  0.00689343   -0.04111612  0.00689086   -0.19282627  0.00602463
    8    5
  0.00000713  0.00000849    0.03285872  0.03285923   -0.00065560  0.00066042
 -0.03285780 -0.03285910   -0.00000699 -0.00000757   -0.06835764  0.06835748
 -0.00067543  0.00067233   -0.06834427  0.06834111    0.00000253 -0.00000279
    8    6
 -0.00000699  0.00000757   -0.03285780  0.03285910    0.06835764  0.06835748
  0.03285872 -0.03285923    0.00000713 -0.00000849    0.00065560  0.00066042
  0.06834427  0.06834111    0.00067543  0.00067233    0.00000253  0.00000279
    8    7
 -0.06293939  0.00000025    0.06988449  0.00000000   -0.00000118  0.03060472
  0.06988449  0.00000000   -0.06293939 -0.00000025    0.00000118  0.03060472
  0.00000118 -0.03060472   -0.00000118 -0.03060472    0.05726058  0.00000000
    8    8
  0.96502013  0.00000000    0.00406280 -0.00000285    0.00000174  0.00587170
  0.00406280  0.00000285    0.96502013  0.00000000   -0.00000174  0.00587170
  0.00000174 -0.00587170   -0.00000174 -0.00587170    0.96735526  0.00000000

     Dynamical  Matrix in cartesian axes

     q = (   -0.500000000   0.250000000   0.250000000 ) 

    1    1
  0.96740124  0.00000000    0.00000000  0.00586900    0.00000000  0.00586900
  0.00000000 -0.00586900    0.96503314  0.00000000    0.00409434  0.00000000
  0.00000000 -0.00586900    0.00409434  0.00000000    0.96503314  0.00000000
    1    2
 -0.00000677  0.00000677   -0.06836375 -0.06836375   -0.00067297 -0.00067297
 -0.06833895 -0.06833895   -0.00000072  0.00000072   -0.03285845  0.03285845
 -0.00066634 -0.00066634    0.03285734 -0.03285734    0.00000220 -0.00000220
    1    3
 -0.00000677  0.00000677   -0.00067297 -0.00067297   -0.06836375 -0.06836375
 -0.00066634 -0.00066634    0.00000220 -0.00000220    0.03285734 -0.03285734
 -0.06833895 -0.06833895   -0.03285845  0.03285845   -0.00000072  0.00000072
    1    4
  0.00000000 -0.05722389    0.03061013  0.00000000    0.03061013  0.00000000
 -0.03060677 -0.00000000   -0.00000000  0.06292365    0.00000000 -0.06985799
 -0.03060677 -0.00000000    0.00000000 -0.06985799   -0.00000000  0.06292365
    1    5
 -0.19281022 -0.00599991   -0.04111281 -0.00688303   -0.04111281 -0.00688303
 -0.04111401 -0.00688887   -0.19982915 -0.01141448   -0.04770913 -0.00990716
 -0.04111401 -0.00688887   -0.04770913 -0.00990716   -0.19982915 -0.01141448
    1    6
  0.00000000 -0.21046256    0.00662773 -0.05270076    0.00662773  0.05270076
  0.00662440 -0.05266198    0.00449107 -0.20370668    0.00000391  0.05209718
  0.00662440  0.05266198   -0.00000391  0.05209718   -0.00449107 -0.20370668
    1    7
  0.00000000 -0.21046256    0.00662773  0.05270076    0.00662773 -0.05270076
  0.00662440  0.05266198   -0.00449107 -0.20370668   -0.00000391  0.05209718
  0.00662440 -0.05266198    0.00000391  0.05209718    0.00449107 -0.20370668
    1    8
  0.19281022 -0.00599991   -0.04111281  0.00688303   -0.04111281  0.00688303
 -0.04111401  0.00688887    0.19982915 -0.01141448    0.04770913 -0.00990716
 -0.04111401  0.00688887    0.04770913 -0.00990716    0.19982915 -0.01141448
    2    1
 -0.00000677 -0.00000677   -0.06833895  0.06833895   -0.00066634  0.00066634
 -0.06836375  0.06836375   -0.00000072 -0.00000072    0.03285734  0.03285734
 -0.00067297  0.00067297   -0.03285845 -0.03285845    0.00000220  0.00000220
    2    2
  0.96737313  0.00000000    0.00000000  0.00586211    0.00000000  0.00584010
  0.00000000 -0.00586211    0.96503525  0.00000000    0.00410844  0.00000000
  0.00000000 -0.00584010    0.00410844  0.00000000    0.96510940  0.00000000
    2    3
  0.05721475  0.00000000    0.00000000  0.03065167    0.00000000  0.03061599
  0.00000000 -0.03061599   -0.06293793  0.00000000    0.06988395  0.00000000
  0.00000000 -0.03065167    0.06985404  0.00000000   -0.06293793  0.00000000
    2    4
 -0.00000621  0.00000621    0.00067607  0.00067607    0.06834883  0.06834883
  0.00066565  0.00066565   -0.00000475  0.00000475   -0.03286282  0.03286282
  0.06837141  0.06837141    0.03286201 -0.03286201    0.00000131 -0.00000131
    2    5
 -0.21047224  0.00000886   -0.05267104 -0.00662524    0.05267879 -0.00661988
 -0.05270373 -0.00661433   -0.20370263 -0.00450414    0.05209866  0.00000688
  0.05269869 -0.00662078    0.05210600 -0.00001348   -0.20370392  0.00451451
    2    6
 -0.19282627 -0.00602463   -0.04108477 -0.00690076   -0.04110576 -0.00688669
 -0.04111612 -0.00689086   -0.19980159 -0.01139286   -0.04771573 -0.00992215
 -0.04112224 -0.00689343   -0.04771346 -0.00991800   -0.19979691 -0.01139436
    2    7
  0.00602463  0.19282627   -0.00690076 -0.04108477   -0.00688669 -0.04110576
 -0.00689086 -0.04111612    0.01139286  0.19980159    0.00992215  0.04771573
 -0.00689343 -0.04112224    0.00991800  0.04771346    0.01139436  0.19979691
    2    8
 -0.00000886  0.21047224   -0.00662524 -0.05267104   -0.00661988  0.05267879
 -0.00661433 -0.05270373    0.00450414  0.20370263   -0.00000688 -0.05209866
 -0.00662078  0.05269869    0.00001348 -0.05210600   -0.00451451  0.20370392
    3    1
 -0.00000677 -0.00000677   -0.00066634  0.00066634   -0.06833895  0.06833895
 -0.00067297  0.00067297    0.00000220  0.00000220   -0.03285845 -0.03285845
 -0.06836375  0.06836375    0.03285734  0.03285734   -0.00000072 -0.00000072
    3    2
  0.05721475  0.00000000    0.00000000  0.03061599    0.00000000  0.03065167
  0.00000000 -0.03065167   -0.06293793  0.00000000    0.06985404  0.00000000
  0.00000000 -0.03061599    0.06988395  0.00000000   -0.06293793  0.00000000
    3    3
  0.96737313  0.00000000    0.00000000  0.00584010    0.00000000  0.00586211
  0.00000000 -0.00584010    0.96510940  0.00000000    0.00410844  0.00000000
  0.00000000 -0.00586211    0.00410844  0.00000000    0.96503525  0.00000000
    3    4
 -0.00000621  0.00000621    0.06834883  0.06834883    0.00067607  0.00067607
  0.06837141  0.06837141    0.00000131 -0.00000131    0.03286201 -0.03286201
  0.00066565  0.00066565   -0.03286282  0.03286282   -0.00000475  0.00000475
    3    5
 -0.21047224  0.00000886    0.05267879 -0.00661988   -0.05267104 -0.00662524
  0.05269869 -0.00662078   -0.20370392  0.00451451    0.05210600 -0.00001348
 -0.05270373 -0.00661433    0.05209866  0.00000688   -0.20370263 -0.00450414
    3    6
  0.00602463  0.19282627   -0.00688669 -0.04110576   -0.00690076 -0.04108477
 -0.00689343 -0.04112224    0.01139436  0.19979691    0.00991800  0.04771346
 -0.00689086 -0.04111612    0.00992215  0.04771573    0.01139286  0.19980159
    3    7
 -0.19282627 -0.00602463   -0.04110576 -0.00688669   -0.04108477 -0.00690076
 -0.04112224 -0.00689343   -0.19979691 -0.01139436   -0.04771346 -0.00991800
 -0.04111612 -0.00689086   -0.04771573 -0.00992215   -0.19980159 -0.01139286
    3    8
 -0.00000886  0.21047224   -0.00661988  0.05267879   -0.00662524 -0.05267104
 -0.00662078  0.05269869   -0.00451451  0.20370392    0.00001348 -0.05210600
 -0.00661433 -0.05270373   -0.00000688 -0.05209866    0.00450414  0.20370263
    4    1
  0.00000000  0.05722389   -0.03060677  0.00000000   -0.03060677  0.00000000
  0.03061013 -0.00000000   -0.00000000 -0.06292365    0.00000000  0.06985799
  0.03061013 -0.00000000    0.00000000  0.06985799   -0.00000000 -0.06292365
    4    2
 -0.00000621 -0.00000621    0.00066565 -0.00066565    0.06837141 -0.06837141
  0.00067607 -0.00067607   -0.00000475 -0.00000475    0.03286201  0.03286201
  0.06834883 -0.06834883   -0.03286282 -0.03286282    0.00000131  0.00000131
    4    3
 -0.00000621 -0.00000621    0.06837141 -0.06837141    0.00066565 -0.00066565
  0.06834883 -0.06834883    0.00000131  0.00000131   -0.03286282 -0.03286282
  0.00067607 -0.00067607    0.03286201  0.03286201   -0.00000475 -0.00000475
    4    4
  0.96742116  0.00000000    0.00000000  0.00586246    0.00000000  0.00586246
  0.00000000 -0.00586246    0.96500303  0.00000000    0.00409647  0.00000000
  0.00000000 -0.00586246    0.00409647  0.00000000    0.96500303  0.00000000
    4    5
 -0.19281188  0.00599657    0.04111042 -0.00688095    0.04111042 -0.00688095
  0.04110792 -0.00688186   -0.19983229  0.01141456   -0.04771196  0.00990730
  0.04110792 -0.00688186   -0.04771196  0.00990730   -0.19983229  0.01141456
    4    6
  0.21046881  0.00000000   -0.05271053  0.00662676    0.05271053  0.00662676
 -0.05266267  0.00662827    0.20370855 -0.00449597   -0.05209598  0.00000078
  0.05266267  0.00662827   -0.05209598 -0.00000078    0.20370855  0.00449597
    4    7
  0.21046881  0.00000000    0.05271053  0.00662676   -0.05271053  0.00662676
  0.05266267  0.00662827    0.20370855  0.00449597   -0.05209598 -0.00000078
 -0.05266267  0.00662827   -0.05209598  0.00000078    0.20370855 -0.00449597
    4    8
 -0.19281188 -0.00599657   -0.04111042 -0.00688095   -0.04111042 -0.00688095
 -0.04110792 -0.00688186   -0.19983229 -0.01141456   -0.04771196 -0.00990730
 -0.04110792 -0.00688186   -0.04771196 -0.00990730   -0.19983229 -0.01141456
    5    1
 -0.19281022  0.00599991   -0.04111401  0.00688887   -0.04111401  0.00688887
 -0.04111281  0.00688303   -0.19982915  0.01141448   -0.04770913  0.00990716
 -0.04111281  0.00688303   -0.04770913  0.00990716   -0.19982915  0.01141448
    5    2
 -0.21047224 -0.00000886   -0.05270373  0.00661433    0.05269869  0.00662078
 -0.05267104  0.00662524   -0.20370263  0.00450414    0.05210600  0.00001348
  0.05267879  0.00661988    0.05209866 -0.00000688   -0.20370392 -0.00451451
    5    3
 -0.21047224 -0.00000886    0.05269869  0.00662078   -0.05270373  0.00661433
  0.05267879  0.00661988   -0.20370392 -0.00451451    0.05209866 -0.00000688
 -0.05267104  0.00662524    0.05210600  0.00001348   -0.20370263  0.00450414
    5    4
 -0.19281188 -0.00599657    0.04110792  0.00688186    0.04110792  0.00688186
  0.04111042  0.00688095   -0.19983229 -0.01141456   -0.04771196 -0.00990730
  0.04111042  0.00688095   -0.04771196 -0.00990730   -0.19983229 -0.01141456
    5    5
  0.96738519  0.00000000   -0.00000511 -0.00586389   -0.00000511 -0.00586389
 -0.00000511  0.00586389    0.96500747  0.00000000    0.00409197  0.00000000
 -0.00000511  0.00586389    0.00409197  0.00000000    0.96500747  0.00000000
    5    6
  0.00000253  0.00000279   -0.06835764 -0.06835748   -0.00065560 -0.00066042
 -0.06834427 -0.06834111   -0.00000699  0.00000757    0.03285872 -0.03285923
 -0.00067543 -0.00067233   -0.03285780  0.03285910    0.00000713 -0.00000849
    5    7
  0.00000253  0.00000279   -0.00065560 -0.00066042   -0.06835764 -0.06835748
 -0.00067543 -0.00067233    0.00000713 -0.00000849   -0.03285780  0.03285910
 -0.06834427 -0.06834111    0.03285872 -0.03285923   -0.00000699  0.00000757
    5    8
  0.00000530 -0.05722866   -0.03061207 -0.00000004   -0.03061207 -0.00000004
  0.03061207  0.00000004   -0.00000294  0.06292576   -0.00000293 -0.06985592
  0.03061207  0.00000004   -0.00000293 -0.06985592   -0.00000294  0.06292576
    6    1
  0.00000000  0.21046256    0.00662440  0.05266198    0.00662440 -0.05266198
  0.00662773  0.05270076    0.00449107  0.20370668   -0.00000391 -0.05209718
  0.00662773 -0.05270076    0.00000391 -0.05209718   -0.00449107  0.20370668
    6    2
 -0.19282627  0.00602463   -0.04111612  0.00689086   -0.04112224  0.00689343
 -0.04108477  0.00690076   -0.19980159  0.01139286   -0.04771346  0.00991800
 -0.04110576  0.00688669   -0.04771573  0.00992215   -0.19979691  0.01139436
    6    3
  0.00602463 -0.19282627   -0.00689343  0.04112224   -0.00689086  0.04111612
 -0.00688669  0.04110576    0.01139436 -0.19979691    0.00992215 -0.04771573
 -0.00690076  0.04108477    0.00991800 -0.04771346    0.01139286 -0.19980159
    6    4
  0.21046881  0.00000000   -0.05266267 -0.00662827    0.05266267 -0.00662827
 -0.05271053 -0.00662676    0.20370855  0.00449597   -0.05209598  0.00000078
  0.05271053 -0.00662676   -0.05209598 -0.00000078    0.20370855 -0.00449597
    6    5
  0.00000253 -0.00000279   -0.06834427  0.06834111   -0.00067543  0.00067233
 -0.06835764  0.06835748   -0.00000699 -0.00000757   -0.03285780 -0.03285910
 -0.00065560  0.00066042    0.03285872  0.03285923    0.00000713  0.00000849
    6    6
  0.96735526  0.00000000   -0.00000174 -0.00587170    0.00000174 -0.00587170
 -0.00000174  0.00587170    0.96502013  0.00000000    0.00406280  0.00000285
  0.00000174  0.00587170    0.00406280 -0.00000285    0.96502013  0.00000000
    6    7
  0.05726058  0.00000000   -0.00000118 -0.03060472    0.00000118 -0.03060472
  0.00000118  0.03060472   -0.06293939 -0.00000025    0.06988449  0.00000000
 -0.00000118  0.03060472    0.06988449  0.00000000   -0.06293939  0.00000025
    6    8
  0.00000253  0.00000279    0.00067543  0.00067233    0.06834427  0.06834111
  0.00065560  0.00066042    0.00000713 -0.00000849    0.03285872 -0.03285923
  0.06835764  0.06835748   -0.03285780  0.03285910   -0.00000699  0.00000757
    7    1
  0.00000000  0.21046256    0.00662440 -0.05266198    0.00662440  0.05266198
  0.00662773 -0.05270076   -0.00449107  0.20370668    0.00000391 -0.05209718
  0.00662773  0.05270076   -0.00000391 -0.05209718    0.00449107  0.20370668
    7    2
  0.00602463 -0.19282627   -0.00689086  0.04111612   -0.00689343  0.04112224
 -0.00690076  0.04108477    0.01139286 -0.19980159    0.00991800 -0.04771346
 -0.00688669  0.04110576    0.00992215 -0.04771573    0.01139436 -0.19979691
    7    3
 -0.19282627  0.00602463   -0.04112224  0.00689343   -0.04111612  0.00689086
 -0.04110576  0.00688669   -0.19979691  0.01139436   -0.04771573  0.00992215
 -0.04108477  0.00690076   -0.04771346  0.00991800   -0.19980159  0.01139286
    7    4
  0.21046881  0.00000000    0.05266267 -0.00662827   -0.05266267 -0.00662827
  0.05271053 -0.00662676    0.20370855 -0.00449597   -0.05209598 -0.00000078
 -0.05271053 -0.00662676   -0.05209598  0.00000078    0.20370855  0.00449597
    7    5
  0.00000253 -0.00000279   -0.00067543  0.00067233   -0.06834427  0.06834111
 -0.00065560  0.00066042    0.00000713  0.00000849    0.03285872  0.03285923
 -0.06835764  0.06835748   -0.03285780 -0.03285910   -0.00000699 -0.00000757
    7    6
  0.05726058  0.00000000    0.00000118 -0.03060472   -0.00000118 -0.03060472
 -0.00000118  0.03060472   -0.06293939  0.00000025    0.06988449  0.00000000
  0.00000118  0.03060472    0.06988449  0.00000000   -0.06293939 -0.00000025
    7    7
  0.96735526  0.00000000    0.00000174 -0.00587170   -0.00000174 -0.00587170
  0.00000174  0.00587170    0.96502013  0.00000000    0.00406280 -0.00000285
 -0.00000174  0.00587170    0.00406280  0.00000285    0.96502013  0.00000000
    7    8
  0.00000253  0.00000279    0.06834427  0.06834111    0.00067543  0.00067233
  0.06835764  0.06835748   -0.00000699  0.00000757   -0.03285780  0.03285910
  0.00065560  0.00066042    0.03285872 -0.03285923    0.00000713 -0.00000849
    8    1
  0.19281022  0.00599991   -0.04111401 -0.00688887   -0.04111401 -0.00688887
 -0.04111281 -0.00688303    0.19982915  0.01141448    0.04770913  0.00990716
 -0.04111281 -0.00688303    0.04770913  0.00990716    0.19982915  0.01141448
    8    2
 -0.00000886 -0.21047224   -0.00661433  0.05270373   -0.00662078 -0.05269869
 -0.00662524  0.05267104    0.00450414 -0.20370263    0.00001348  0.05210600
 -0.00661988 -0.05267879   -0.00000688  0.05209866   -0.00451451 -0.20370392
    8    3
 -0.00000886 -0.21047224   -0.00662078 -0.05269869   -0.00661433  0.05270373
 -0.00661988 -0.05267879   -0.00451451 -0.20370392   -0.00000688  0.05209866
 -0.00662524  0.05267104    0.00001348  0.05210600    0.00450414 -0.20370263
    8    4
 -0.19281188  0.00599657   -0.04110792  0.00688186   -0.04110792  0.00688186
 -0.04111042  0.00688095   -0.19983229  0.01141456   -0.04771196  0.00990730
 -0.04111042  0.00688095   -0.04771196  0.00990730   -0.19983229  0.01141456
    8    5
  0.00000530  0.05722866    0.03061207 -0.00000004    0.03061207 -0.00000004
 -0.03061207  0.00000004   -0.00000294 -0.06292576   -0.00000293  0.06985592
 -0.03061207  0.00000004   -0.00000293  0.06985592   -0.00000294 -0.06292576
    8    6
  0.00000253 -0.00000279    0.00065560 -0.00066042    0.06835764 -0.06835748
  0.00067543 -0.00067233    0.00000713  0.00000849   -0.03285780 -0.03285910
  0.06834427 -0.06834111    0.03285872  0.03285923   -0.00000699 -0.00000757
    8    7
  0.00000253 -0.00000279    0.06835764 -0.06835748    0.00065560 -0.00066042
  0.06834427 -0.06834111   -0.00000699 -0.00000757    0.03285872  0.03285923
  0.00067543 -0.00067233   -0.03285780 -0.03285910    0.00000713  0.00000849
    8    8
  0.96738519  0.00000000    0.00000511 -0.00586389    0.00000511 -0.00586389
  0.00000511  0.00586389    0.96500747  0.00000000    0.00409197  0.00000000
  0.00000511  0.00586389    0.00409197  0.00000000    0.96500747  0.00000000

     Dynamical  Matrix in cartesian axes

     q = (    0.250000000  -0.500000000   0.250000000 ) 

    1    1
  0.96503314  0.00000000    0.00000000 -0.00586900    0.00409434  0.00000000
  0.00000000  0.00586900    0.96740124  0.00000000    0.00000000  0.00586900
  0.00409434  0.00000000    0.00000000 -0.00586900    0.96503314  0.00000000
    1    2
 -0.00000072  0.00000072   -0.06833895 -0.06833895   -0.03285845  0.03285845
 -0.06836375 -0.06836375   -0.00000677  0.00000677   -0.00067297 -0.00067297
  0.03285734 -0.03285734   -0.00066634 -0.00066634    0.00000220 -0.00000220
    1    3
 -0.00000000  0.06292365   -0.03060677 -0.00000000    0.00000000 -0.06985799
  0.03061013  0.00000000    0.00000000 -0.05722389    0.03061013  0.00000000
  0.00000000 -0.06985799   -0.03060677 -0.00000000   -0.00000000  0.06292365
    1    4
  0.00000220 -0.00000220   -0.00066634 -0.00066634    0.03285734 -0.03285734
 -0.00067297 -0.00067297   -0.00000677  0.00000677   -0.06836375 -0.06836375
 -0.03285845  0.03285845   -0.06833895 -0.06833895   -0.00000072  0.00000072
    1    5
 -0.19982915 -0.01141448   -0.04111401 -0.00688887   -0.04770913 -0.00990716
 -0.04111281 -0.00688303   -0.19281022 -0.00599991   -0.04111281 -0.00688303
 -0.04770913 -0.00990716   -0.04111401 -0.00688887   -0.19982915 -0.01141448
    1    6
  0.00449107 -0.20370668    0.00662440 -0.05266198    0.00000391  0.05209718
  0.00662773 -0.05270076    0.00000000 -0.21046256    0.00662773  0.05270076
 -0.00000391  0.05209718    0.00662440  0.05266198   -0.00449107 -0.20370668
    1    7
  0.19982915 -0.01141448   -0.04111401  0.00688887    0.04770913 -0.00990716
 -0.04111281  0.00688303    0.19281022 -0.00599991   -0.04111281  0.00688303
  0.04770913 -0.00990716   -0.04111401  0.00688887    0.19982915 -0.01141448
    1    8
 -0.00449107 -0.20370668    0.00662440  0.05266198   -0.00000391  0.05209718
  0.00662773  0.05270076    0.00000000 -0.21046256    0.00662773 -0.05270076
  0.00000391  0.05209718    0.00662440 -0.05266198    0.00449107 -0.20370668
    2    1
 -0.00000072 -0.00000072   -0.06836375  0.06836375    0.03285734  0.03285734
 -0.06833895  0.06833895   -0.00000677 -0.00000677   -0.00066634  0.00066634
 -0.03285845 -0.03285845   -0.00067297  0.00067297    0.00000220  0.00000220
    2    2
  0.96503525  0.00000000    0.00000000 -0.00586211    0.00410844  0.00000000
  0.00000000  0.00586211    0.96737313  0.00000000    0.00000000  0.00584010
  0.00410844  0.00000000    0.00000000 -0.00584010    0.96510940  0.00000000
    2    3
 -0.00000475  0.00000475    0.00066565  0.00066565   -0.03286282  0.03286282
  0.00067607  0.00067607   -0.00000621  0.00000621    0.06834883  0.06834883
  0.03286201 -0.03286201    0.06837141  0.06837141    0.00000131 -0.00000131
    2    4
 -0.06293793  0.00000000    0.00000000 -0.03061599    0.06988395  0.00000000
  0.00000000  0.03065167    0.05721475  0.00000000    0.00000000  0.03061599
  0.06985404  0.00000000    0.00000000 -0.03065167   -0.06293793  0.00000000
    2    5
 -0.20370263 -0.00450414   -0.05270373 -0.00661433    0.05209866  0.00000688
 -0.05267104 -0.00662524   -0.21047224  0.00000886    0.05267879 -0.00661988
  0.05210600 -0.00001348    0.05269869 -0.00662078   -0.20370392  0.00451451
    2    6
 -0.19980159 -0.01139286   -0.04111612 -0.00689086   -0.04771573 -0.00992215
 -0.04108477 -0.00690076   -0.19282627 -0.00602463   -0.04110576 -0.00688669
 -0.04771346 -0.00991800   -0.04112224 -0.00689343   -0.19979691 -0.01139436
    2    7
  0.00450414  0.20370263   -0.00661433 -0.05270373   -0.00000688 -0.05209866
 -0.00662524 -0.05267104   -0.00000886  0.21047224   -0.00661988  0.05267879
  0.00001348 -0.05210600   -0.00662078  0.05269869   -0.00451451  0.20370392
    2    8
  0.01139286  0.19980159   -0.00689086 -0.04111612    0.00992215  0.04771573
 -0.00690076 -0.04108477    0.00602463  0.19282627   -0.00688669 -0.04110576
  0.00991800  0.04771346   -0.00689343 -0.04112224    0.01139436  0.19979691
    3    1
 -0.00000000 -0.06292365    0.03061013 -0.00000000    0.00000000  0.06985799
 -0.03060677  0.00000000    0.00000000  0.05722389   -0.03060677  0.00000000
  0.00000000  0.06985799    0.03061013 -0.00000000   -0.00000000 -0.06292365
    3    2
 -0.00000475 -0.00000475    0.00067607 -0.00067607    0.03286201  0.03286201
  0.00066565 -0.00066565   -0.00000621 -0.00000621    0.06837141 -0.06837141
 -0.03286282 -0.03286282    0.06834883 -0.06834883    0.00000131  0.00000131
    3    3
  0.96500303  0.00000000    0.00000000 -0.00586246    0.00409647  0.00000000
  0.00000000  0.00586246    0.96742116  0.00000000    0.00000000  0.00586246
  0.00409647  0.00000000    0.00000000 -0.00586246    0.96500303  0.00000000
    3    4
  0.00000131  0.00000131    0.06834883 -0.06834883   -0.03286282 -0.03286282
  0.06837141 -0.06837141   -0.00000621 -0.00000621    0.00066565 -0.00066565
  0.03286201  0.03286201    0.00067607 -0.00067607   -0.00000475 -0.00000475
    3    5
 -0.19983229  0.01141456    0.04110792 -0.00688186   -0.04771196  0.00990730
  0.04111042 -0.00688095   -0.19281188  0.00599657    0.04111042 -0.00688095
 -0.04771196  0.00990730    0.04110792 -0.00688186   -0.19983229  0.01141456
    3    6
  0.20370855 -0.00449597   -0.05266267  0.00662827   -0.05209598  0.00000078
 -0.05271053  0.00662676    0.21046881  0.00000000    0.05271053  0.00662676
 -0.05209598 -0.00000078    0.05266267  0.00662827    0.20370855  0.00449597
    3    7
 -0.19983229 -0.01141456   -0.04110792 -0.00688186   -0.04771196 -0.00990730
 -0.04111042 -0.00688095   -0.19281188 -0.00599657   -0.04111042 -0.00688095
 -0.04771196 -0.00990730   -0.04110792 -0.00688186   -0.19983229 -0.01141456
    3    8
  0.20370855  0.00449597    0.05266267  0.00662827   -0.05209598 -0.00000078
  0.05271053  0.00662676    0.21046881  0.00000000   -0.05271053  0.00662676
 -0.05209598  0.00000078   -0.05266267  0.00662827    0.20370855 -0.00449597
    4    1
  0.00000220  0.00000220   -0.00067297  0.00067297   -0.03285845 -0.03285845
 -0.00066634  0.00066634   -0.00000677 -0.00000677   -0.06833895  0.06833895
  0.03285734  0.03285734   -0.06836375  0.06836375   -0.00000072 -0.00000072
    4    2
 -0.06293793  0.00000000    0.00000000 -0.03065167    0.06985404  0.00000000
  0.00000000  0.03061599    0.05721475  0.00000000    0.00000000  0.03065167
  0.06988395  0.00000000    0.00000000 -0.03061599   -0.06293793  0.00000000
    4    3
  0.00000131 -0.00000131    0.06837141  0.06837141    0.03286201 -0.03286201
  0.06834883  0.06834883   -0.00000621  0.00000621    0.00067607  0.00067607
 -0.03286282  0.03286282    0.00066565  0.00066565   -0.00000475  0.00000475
    4    4
  0.96510940  0.00000000    0.00000000 -0.00584010    0.00410844  0.00000000
  0.00000000  0.00584010    0.96737313  0.00000000    0.00000000  0.00586211
  0.00410844  0.00000000    0.00000000 -0.00586211    0.96503525  0.00000000
    4    5
 -0.20370392  0.00451451    0.05269869 -0.00662078    0.05210600 -0.00001348
  0.05267879 -0.00661988   -0.21047224  0.00000886   -0.05267104 -0.00662524
  0.05209866  0.00000688   -0.05270373 -0.00661433   -0.20370263 -0.00450414
    4    6
  0.01139436  0.19979691   -0.00689343 -0.04112224    0.00991800  0.04771346
 -0.00688669 -0.04110576    0.00602463  0.19282627   -0.00690076 -0.04108477
  0.00992215  0.04771573   -0.00689086 -0.04111612    0.01139286  0.19980159
    4    7
 -0.00451451  0.20370392   -0.00662078  0.05269869    0.00001348 -0.05210600
 -0.00661988  0.05267879   -0.00000886  0.21047224   -0.00662524 -0.05267104
 -0.00000688 -0.05209866   -0.00661433 -0.05270373    0.00450414  0.20370263
    4    8
 -0.19979691 -0.01139436   -0.04112224 -0.00689343   -0.04771346 -0.00991800
 -0.04110576 -0.00688669   -0.19282627 -0.00602463   -0.04108477 -0.00690076
 -0.04771573 -0.00992215   -0.04111612 -0.00689086   -0.19980159 -0.01139286
    5    1
