Dynamical matrix file
                                                                           
  1    8  0  6.6490000  0.0000000  0.0000000  0.0000000  0.0000000  0.0000000
Basis vectors
      1.000000000    0.000000000    0.000000000
      0.000000000    1.000000000    0.000000000
      0.000000000    0.000000000    1.000000000
           1  'C   '    10947.083358978085     
    1    1      0.0000000000      0.0000000000      0.0000000000
    2    1      0.5000000000      0.5000000000      0.0000000000
    3    1      0.5000000000      0.0000000000      0.5000000000
    4    1      0.0000000000      0.5000000000      0.5000000000
    5    1      0.2500000000      0.2500000000      0.2500000000
    6    1      0.7500000000      0.7500000000      0.2500000000
    7    1      0.7500000000      0.2500000000      0.7500000000
    8    1      0.2500000000      0.7500000000      0.7500000000

     Dynamical  Matrix in cartesian axes

     q = (    0.000000000   0.000000000   0.000000000 ) 

    1    1
  0.96073091  0.00000000    0.00000000  0.00000000   -0.00000000  0.00000000
  0.00000000  0.00000000    0.96073091  0.00000000    0.00000000  0.00000000
 -0.00000000  0.00000000    0.00000000  0.00000000    0.96073091  0.00000000
    1    2
 -0.14053337  0.00000000    0.00000000  0.00000000    0.00000000  0.00000000
  0.00000000  0.00000000   -0.14053337  0.00000000   -0.00000000  0.00000000
  0.00000000  0.00000000   -0.00000000  0.00000000    0.12301753  0.00000000
    1    3
 -0.14053337  0.00000000   -0.00000000  0.00000000    0.00000000  0.00000000
 -0.00000000  0.00000000    0.12301753  0.00000000    0.00000000  0.00000000
  0.00000000  0.00000000    0.00000000  0.00000000   -0.14053337  0.00000000
    1    4
  0.12301753  0.00000000    0.00000000  0.00000000   -0.00000000  0.00000000
  0.00000000  0.00000000   -0.14053337  0.00000000    0.00000000  0.00000000
 -0.00000000  0.00000000    0.00000000  0.00000000   -0.14053337  0.00000000
    1    5
 -0.20076967  0.00000000   -0.06481540  0.00000000   -0.06481540  0.00000000
 -0.06481540  0.00000000   -0.20076967  0.00000000   -0.06481540  0.00000000
 -0.06481540  0.00000000   -0.06481540  0.00000000   -0.20076967  0.00000000
    1    6
 -0.20076967  0.00000000   -0.06481540  0.00000000    0.06481540  0.00000000
 -0.06481540  0.00000000   -0.20076967  0.00000000    0.06481540  0.00000000
  0.06481540  0.00000000    0.06481540  0.00000000   -0.20076967  0.00000000
    1    7
 -0.20076967  0.00000000    0.06481540  0.00000000   -0.06481540  0.00000000
  0.06481540  0.00000000   -0.20076967  0.00000000    0.06481540  0.00000000
 -0.06481540  0.00000000    0.06481540  0.00000000   -0.20076967  0.00000000
    1    8
 -0.20076967  0.00000000    0.06481540  0.00000000    0.06481540  0.00000000
  0.06481540  0.00000000   -0.20076967  0.00000000   -0.06481540  0.00000000
  0.06481540  0.00000000   -0.06481540  0.00000000   -0.20076967  0.00000000
    2    1
 -0.14053337  0.00000000    0.00000000  0.00000000    0.00000000  0.00000000
  0.00000000  0.00000000   -0.14053337  0.00000000   -0.00000000  0.00000000
  0.00000000  0.00000000   -0.00000000  0.00000000    0.12301753  0.00000000
    2    2
  0.96068235  0.00000000    0.00000000  0.00000000    0.00000000  0.00000000
  0.00000000  0.00000000    0.96068235  0.00000000    0.00000000  0.00000000
  0.00000000  0.00000000    0.00000000  0.00000000    0.96065752  0.00000000
    2    3
  0.12303249  0.00000000    0.00000000  0.00000000   -0.00000000  0.00000000
  0.00000000  0.00000000   -0.14052490  0.00000000    0.00000000  0.00000000
  0.00000000  0.00000000    0.00000000  0.00000000   -0.14052490  0.00000000
    2    4
 -0.14052490  0.00000000   -0.00000000  0.00000000    0.00000000  0.00000000
  0.00000000  0.00000000    0.12303249  0.00000000    0.00000000  0.00000000
  0.00000000  0.00000000   -0.00000000  0.00000000   -0.14052490  0.00000000
    2    5
 -0.20050158  0.00000000   -0.06478142  0.00000000    0.06483659  0.00000000
 -0.06478142  0.00000000   -0.20050158  0.00000000    0.06483659  0.00000000
  0.06474316  0.00000000    0.06474316  0.00000000   -0.20078182  0.00000000
    2    6
 -0.20050158  0.00000000   -0.06478142  0.00000000   -0.06483659  0.00000000
 -0.06478142  0.00000000   -0.20050158  0.00000000   -0.06483659  0.00000000
 -0.06474316  0.00000000   -0.06474316  0.00000000   -0.20078182  0.00000000
    2    7
 -0.20050158  0.00000000    0.06478142  0.00000000    0.06483659  0.00000000
  0.06478142  0.00000000   -0.20050158  0.00000000   -0.06483659  0.00000000
  0.06474316  0.00000000   -0.06474316  0.00000000   -0.20078182  0.00000000
    2    8
 -0.20050158  0.00000000    0.06478142  0.00000000   -0.06483659  0.00000000
  0.06478142  0.00000000   -0.20050158  0.00000000    0.06483659  0.00000000
 -0.06474316  0.00000000    0.06474316  0.00000000   -0.20078182  0.00000000
    3    1
 -0.14053337  0.00000000   -0.00000000  0.00000000    0.00000000  0.00000000
 -0.00000000  0.00000000    0.12301753  0.00000000    0.00000000  0.00000000
  0.00000000  0.00000000    0.00000000  0.00000000   -0.14053337  0.00000000
    3    2
  0.12303249  0.00000000    0.00000000  0.00000000    0.00000000  0.00000000
 -0.00000000  0.00000000   -0.14052490  0.00000000    0.00000000  0.00000000
 -0.00000000  0.00000000    0.00000000  0.00000000   -0.14052490  0.00000000
    3    3
  0.96068235  0.00000000    0.00000000  0.00000000    0.00000000  0.00000000
  0.00000000  0.00000000    0.96065752  0.00000000    0.00000000  0.00000000
  0.00000000  0.00000000    0.00000000  0.00000000    0.96068235  0.00000000
    3    4
 -0.14052490  0.00000000    0.00000000  0.00000000   -0.00000000  0.00000000
  0.00000000  0.00000000   -0.14052490  0.00000000   -0.00000000  0.00000000
  0.00000000  0.00000000    0.00000000  0.00000000    0.12303249  0.00000000
    3    5
 -0.20050158  0.00000000    0.06483659  0.00000000   -0.06478142  0.00000000
  0.06474316  0.00000000   -0.20078182  0.00000000    0.06474316  0.00000000
 -0.06478142  0.00000000    0.06483659  0.00000000   -0.20050158  0.00000000
    3    6
 -0.20050158  0.00000000    0.06483659  0.00000000    0.06478142  0.00000000
  0.06474316  0.00000000   -0.20078182  0.00000000   -0.06474316  0.00000000
  0.06478142  0.00000000   -0.06483659  0.00000000   -0.20050158  0.00000000
    3    7
 -0.20050158  0.00000000   -0.06483659  0.00000000   -0.06478142  0.00000000
 -0.06474316  0.00000000   -0.20078182  0.00000000   -0.06474316  0.00000000
 -0.06478142  0.00000000   -0.06483659  0.00000000   -0.20050158  0.00000000
    3    8
 -0.20050158  0.00000000   -0.06483659  0.00000000    0.06478142  0.00000000
 -0.06474316  0.00000000   -0.20078182  0.00000000    0.06474316  0.00000000
  0.06478142  0.00000000    0.06483659  0.00000000   -0.20050158  0.00000000
    4    1
  0.12301753  0.00000000    0.00000000  0.00000000   -0.00000000  0.00000000
  0.00000000  0.00000000   -0.14053337  0.00000000    0.00000000  0.00000000
 -0.00000000  0.00000000    0.00000000  0.00000000   -0.14053337  0.00000000
    4    2
 -0.14052490  0.00000000    0.00000000  0.00000000    0.00000000  0.00000000
 -0.00000000  0.00000000    0.12303249  0.00000000    0.00000000  0.00000000
  0.00000000  0.00000000   -0.00000000  0.00000000   -0.14052490  0.00000000
    4    3
 -0.14052490  0.00000000    0.00000000  0.00000000    0.00000000  0.00000000
  0.00000000  0.00000000   -0.14052490  0.00000000   -0.00000000  0.00000000
 -0.00000000  0.00000000    0.00000000  0.00000000    0.12303249  0.00000000
    4    4
  0.96065752  0.00000000   -0.00000000  0.00000000    0.00000000  0.00000000
 -0.00000000  0.00000000    0.96068235  0.00000000    0.00000000  0.00000000
  0.00000000  0.00000000    0.00000000  0.00000000    0.96068235  0.00000000
    4    5
 -0.20078182  0.00000000    0.06474316  0.00000000    0.06474316  0.00000000
  0.06483659  0.00000000   -0.20050158  0.00000000   -0.06478142  0.00000000
  0.06483659  0.00000000   -0.06478142  0.00000000   -0.20050158  0.00000000
    4    6
 -0.20078182  0.00000000    0.06474316  0.00000000   -0.06474316  0.00000000
  0.06483659  0.00000000   -0.20050158  0.00000000    0.06478142  0.00000000
 -0.06483659  0.00000000    0.06478142  0.00000000   -0.20050158  0.00000000
    4    7
 -0.20078182  0.00000000   -0.06474316  0.00000000    0.06474316  0.00000000
 -0.06483659  0.00000000   -0.20050158  0.00000000    0.06478142  0.00000000
  0.06483659  0.00000000    0.06478142  0.00000000   -0.20050158  0.00000000
    4    8
 -0.20078182  0.00000000   -0.06474316  0.00000000   -0.06474316  0.00000000
 -0.06483659  0.00000000   -0.20050158  0.00000000   -0.06478142  0.00000000
 -0.06483659  0.00000000   -0.06478142  0.00000000   -0.20050158  0.00000000
    5    1
 -0.20076967  0.00000000   -0.06481540  0.00000000   -0.06481540  0.00000000
 -0.06481540  0.00000000   -0.20076967  0.00000000   -0.06481540  0.00000000
 -0.06481540  0.00000000   -0.06481540  0.00000000   -0.20076967  0.00000000
    5    2
 -0.20050158  0.00000000   -0.06478142  0.00000000    0.06474316  0.00000000
 -0.06478142  0.00000000   -0.20050158  0.00000000    0.06474316  0.00000000
  0.06483659  0.00000000    0.06483659  0.00000000   -0.20078182  0.00000000
    5    3
 -0.20050158  0.00000000    0.06474316  0.00000000   -0.06478142  0.00000000
  0.06483659  0.00000000   -0.20078182  0.00000000    0.06483659  0.00000000
 -0.06478142  0.00000000    0.06474316  0.00000000   -0.20050158  0.00000000
    5    4
 -0.20078182  0.00000000    0.06483659  0.00000000    0.06483659  0.00000000
  0.06474316  0.00000000   -0.20050158  0.00000000   -0.06478142  0.00000000
  0.06474316  0.00000000   -0.06478142  0.00000000   -0.20050158  0.00000000
    5    5
  0.96076659  0.00000000    0.00003447  0.00000000    0.00003447  0.00000000
  0.00003447  0.00000000    0.96076659  0.00000000    0.00003447  0.00000000
  0.00003447  0.00000000    0.00003447  0.00000000    0.96076659  0.00000000
    5    6
 -0.14053786  0.00000000    0.00000758  0.00000000   -0.00001317  0.00000000
  0.00000758  0.00000000   -0.14053786  0.00000000   -0.00001317  0.00000000
  0.00001317  0.00000000    0.00001317  0.00000000    0.12304819  0.00000000
    5    7
 -0.14053786  0.00000000   -0.00001317  0.00000000    0.00000758  0.00000000
  0.00001317  0.00000000    0.12304819  0.00000000    0.00001317  0.00000000
  0.00000758  0.00000000   -0.00001317  0.00000000   -0.14053786  0.00000000
    5    8
  0.12304819  0.00000000    0.00001317  0.00000000    0.00001317  0.00000000
 -0.00001317  0.00000000   -0.14053786  0.00000000    0.00000758  0.00000000
 -0.00001317  0.00000000    0.00000758  0.00000000   -0.14053786  0.00000000
    6    1
 -0.20076967  0.00000000   -0.06481540  0.00000000    0.06481540  0.00000000
 -0.06481540  0.00000000   -0.20076967  0.00000000    0.06481540  0.00000000
  0.06481540  0.00000000    0.06481540  0.00000000   -0.20076967  0.00000000
    6    2
 -0.20050158  0.00000000   -0.06478142  0.00000000   -0.06474316  0.00000000
 -0.06478142  0.00000000   -0.20050158  0.00000000   -0.06474316  0.00000000
 -0.06483659  0.00000000   -0.06483659  0.00000000   -0.20078182  0.00000000
    6    3
 -0.20050158  0.00000000    0.06474316  0.00000000    0.06478142  0.00000000
  0.06483659  0.00000000   -0.20078182  0.00000000   -0.06483659  0.00000000
  0.06478142  0.00000000   -0.06474316  0.00000000   -0.20050158  0.00000000
    6    4
 -0.20078182  0.00000000    0.06483659  0.00000000   -0.06483659  0.00000000
  0.06474316  0.00000000   -0.20050158  0.00000000    0.06478142  0.00000000
 -0.06474316  0.00000000    0.06478142  0.00000000   -0.20050158  0.00000000
    6    5
 -0.14053786  0.00000000    0.00000758  0.00000000    0.00001317  0.00000000
  0.00000758  0.00000000   -0.14053786  0.00000000    0.00001317  0.00000000
 -0.00001317  0.00000000   -0.00001317  0.00000000    0.12304819  0.00000000
    6    6
  0.96076659  0.00000000    0.00003447  0.00000000   -0.00003447  0.00000000
  0.00003447  0.00000000    0.96076659  0.00000000   -0.00003447  0.00000000
 -0.00003447  0.00000000   -0.00003447  0.00000000    0.96076659  0.00000000
    6    7
  0.12304819  0.00000000    0.00001317  0.00000000   -0.00001317  0.00000000
 -0.00001317  0.00000000   -0.14053786  0.00000000   -0.00000758  0.00000000
  0.00001317  0.00000000   -0.00000758  0.00000000   -0.14053786  0.00000000
    6    8
 -0.14053786  0.00000000   -0.00001317  0.00000000   -0.00000758  0.00000000
  0.00001317  0.00000000    0.12304819  0.00000000   -0.00001317  0.00000000
 -0.00000758  0.00000000    0.00001317  0.00000000   -0.14053786  0.00000000
    7    1
 -0.20076967  0.00000000    0.06481540  0.00000000   -0.06481540  0.00000000
  0.06481540  0.00000000   -0.20076967  0.00000000    0.06481540  0.00000000
 -0.06481540  0.00000000    0.06481540  0.00000000   -0.20076967  0.00000000
    7    2
 -0.20050158  0.00000000    0.06478142  0.00000000    0.06474316  0.00000000
  0.06478142  0.00000000   -0.20050158  0.00000000   -0.06474316  0.00000000
  0.06483659  0.00000000   -0.06483659  0.00000000   -0.20078182  0.00000000
    7    3
 -0.20050158  0.00000000   -0.06474316  0.00000000   -0.06478142  0.00000000
 -0.06483659  0.00000000   -0.20078182  0.00000000   -0.06483659  0.00000000
 -0.06478142  0.00000000   -0.06474316  0.00000000   -0.20050158  0.00000000
    7    4
 -0.20078182  0.00000000   -0.06483659  0.00000000    0.06483659  0.00000000
 -0.06474316  0.00000000   -0.20050158  0.00000000    0.06478142  0.00000000
  0.06474316  0.00000000    0.06478142  0.00000000   -0.20050158  0.00000000
    7    5
 -0.14053786  0.00000000    0.00001317  0.00000000    0.00000758  0.00000000
 -0.00001317  0.00000000    0.12304819  0.00000000   -0.00001317  0.00000000
  0.00000758  0.00000000    0.00001317  0.00000000   -0.14053786  0.00000000
    7    6
  0.12304819  0.00000000   -0.00001317  0.00000000    0.00001317  0.00000000
  0.00001317  0.00000000   -0.14053786  0.00000000   -0.00000758  0.00000000
 -0.00001317  0.00000000   -0.00000758  0.00000000   -0.14053786  0.00000000
    7    7
  0.96076659  0.00000000   -0.00003447  0.00000000    0.00003447  0.00000000
 -0.00003447  0.00000000    0.96076659  0.00000000   -0.00003447  0.00000000
  0.00003447  0.00000000   -0.00003447  0.00000000    0.96076659  0.00000000
    7    8
 -0.14053786  0.00000000   -0.00000758  0.00000000   -0.00001317  0.00000000
 -0.00000758  0.00000000   -0.14053786  0.00000000    0.00001317  0.00000000
  0.00001317  0.00000000   -0.00001317  0.00000000    0.12304819  0.00000000
    8    1
 -0.20076967  0.00000000    0.06481540  0.00000000    0.06481540  0.00000000
  0.06481540  0.00000000   -0.20076967  0.00000000   -0.06481540  0.00000000
  0.06481540  0.00000000   -0.06481540  0.00000000   -0.20076967  0.00000000
    8    2
 -0.20050158  0.00000000    0.06478142  0.00000000   -0.06474316  0.00000000
  0.06478142  0.00000000   -0.20050158  0.00000000    0.06474316  0.00000000
 -0.06483659  0.00000000    0.06483659  0.00000000   -0.20078182  0.00000000
    8    3
 -0.20050158  0.00000000   -0.06474316  0.00000000    0.06478142  0.00000000
 -0.06483659  0.00000000   -0.20078182  0.00000000    0.06483659  0.00000000
  0.06478142  0.00000000    0.06474316  0.00000000   -0.20050158  0.00000000
    8    4
 -0.20078182  0.00000000   -0.06483659  0.00000000   -0.06483659  0.00000000
 -0.06474316  0.00000000   -0.20050158  0.00000000   -0.06478142  0.00000000
 -0.06474316  0.00000000   -0.06478142  0.00000000   -0.20050158  0.00000000
    8    5
  0.12304819  0.00000000   -0.00001317  0.00000000   -0.00001317  0.00000000
  0.00001317  0.00000000   -0.14053786  0.00000000    0.00000758  0.00000000
  0.00001317  0.00000000    0.00000758  0.00000000   -0.14053786  0.00000000
    8    6
 -0.14053786  0.00000000    0.00001317  0.00000000   -0.00000758  0.00000000
 -0.00001317  0.00000000    0.12304819  0.00000000    0.00001317  0.00000000
 -0.00000758  0.00000000   -0.00001317  0.00000000   -0.14053786  0.00000000
    8    7
 -0.14053786  0.00000000   -0.00000758  0.00000000    0.00001317  0.00000000
 -0.00000758  0.00000000   -0.14053786  0.00000000   -0.00001317  0.00000000
 -0.00001317  0.00000000    0.00001317  0.00000000    0.12304819  0.00000000
    8    8
  0.96076659  0.00000000   -0.00003447  0.00000000   -0.00003447  0.00000000
 -0.00003447  0.00000000    0.96076659  0.00000000    0.00003447  0.00000000
 -0.00003447  0.00000000    0.00003447  0.00000000    0.96076659  0.00000000

     Dielectric Tensor:

          5.708994226999          0.000000000000          0.000000000000
          0.000000000000          5.708994226999          0.000000000000
          0.000000000000          0.000000000000          5.708994226999

     Effective Charges E-U: Z_{alpha}{s,beta}

     atom #    1
          0.000151610343          0.000000000000         -0.000000000000
          0.000000000000          0.000151610343         -0.000000000000
          0.000000000000          0.000000000000          0.000151610343
     atom #    2
          0.000028988690          0.000000000000          0.000000000000
          0.000000000000          0.000028988690         -0.000000000000
         -0.000000000000          0.000000000000          0.000156207303
     atom #    3
          0.000028988690          0.000000000000         -0.000000000000
          0.000000000000          0.000156207303         -0.000000000000
          0.000000000000         -0.000000000000          0.000028988690
     atom #    4
          0.000156207303          0.000000000000          0.000000000000
         -0.000000000000          0.000028988690         -0.000000000000
         -0.000000000000         -0.000000000000          0.000028988690
     atom #    5
          0.000094264803          0.000000115510          0.000000115510
          0.000000115510          0.000094264803          0.000000115510
          0.000000115510          0.000000115510          0.000094264803
     atom #    6
          0.000094264803          0.000000115510         -0.000000115510
          0.000000115510          0.000094264803         -0.000000115510
         -0.000000115510         -0.000000115510          0.000094264803
     atom #    7
          0.000094264803         -0.000000115510          0.000000115510
         -0.000000115510          0.000094264803         -0.000000115510
          0.000000115510         -0.000000115510          0.000094264803
     atom #    8
          0.000094264803         -0.000000115510         -0.000000115510
         -0.000000115510          0.000094264803          0.000000115510
         -0.000000115510          0.000000115510          0.000094264803

     Effective Charges U-E: Z_{s,alpha}{beta}

     atom #    1
      0.175790254917E-04      0.000000000000E+00      0.925185853854E-17
      0.462592926927E-17      0.175790254935E-04     -0.462592926927E-17
      0.231296463464E-17      0.231296463464E-17      0.175790254922E-04
     atom #    2
      0.270672007745E-04      0.000000000000E+00     -0.693889390391E-17
      0.000000000000E+00      0.270672007741E-04     -0.115648231732E-16
     -0.693889390391E-17     -0.693889390391E-17      0.291829704131E-04
     atom #    3
      0.270672007736E-04      0.000000000000E+00     -0.462592926927E-17
      0.000000000000E+00      0.291829704118E-04     -0.254426109810E-16
      0.115648231732E-16     -0.138777878078E-16      0.270672007727E-04
     atom #    4
      0.291829704135E-04      0.000000000000E+00      0.115648231732E-16
      0.000000000000E+00      0.270672007736E-04      0.925185853854E-17
     -0.462592926927E-17      0.231296463464E-17      0.270672007754E-04
     atom #    5
      0.319562010027E-04     -0.247969917502E-06     -0.247969917502E-06
     -0.247969917500E-06      0.319562010032E-04     -0.247969917500E-06
     -0.247969917498E-06     -0.247969917493E-06      0.319562010027E-04
     atom #    6
      0.319562010023E-04     -0.247969917493E-06      0.247969917500E-06
     -0.247969917500E-06      0.319562010014E-04      0.247969917498E-06
      0.247969917495E-06      0.247969917491E-06      0.319562010023E-04
     atom #    7
      0.319562010027E-04      0.247969917502E-06     -0.247969917500E-06
      0.247969917493E-06      0.319562010032E-04      0.247969917500E-06
     -0.247969917500E-06      0.247969917502E-06      0.319562010027E-04
     atom #    8
      0.319562010027E-04      0.247969917498E-06      0.247969917488E-06
      0.247969917493E-06      0.319562010014E-04     -0.247969917488E-06
      0.247969917505E-06     -0.247969917498E-06      0.319562010027E-04

     Diagonalizing the dynamical matrix

     q = (    0.000000000   0.000000000   0.000000000 ) 

 **************************************************************************
     freq (    1) =       0.375047 [THz] =      12.510226 [cm-1]
 ( -0.153891  0.000000 -0.317785  0.000000 -0.020369  0.000000 ) 
 ( -0.153781  0.000000 -0.317558  0.000000 -0.020373  0.000000 ) 
 ( -0.153781  0.000000 -0.317842  0.000000 -0.020355  0.000000 ) 
 ( -0.153918  0.000000 -0.317558  0.000000 -0.020355  0.000000 ) 
 ( -0.153820  0.000000 -0.317662  0.000000 -0.020341  0.000000 ) 
 ( -0.153822  0.000000 -0.317663  0.000000 -0.020383  0.000000 ) 
 ( -0.153847  0.000000 -0.317677  0.000000 -0.020369  0.000000 ) 
 ( -0.153849  0.000000 -0.317675  0.000000 -0.020355  0.000000 ) 
     freq (    2) =       0.375047 [THz] =      12.510226 [cm-1]
 (  0.318328  0.000000 -0.154117  0.000000 -0.000563  0.000000 ) 
 (  0.318100  0.000000 -0.154007  0.000000 -0.000563  0.000000 ) 
 (  0.318100  0.000000 -0.154145  0.000000 -0.000563  0.000000 ) 
 (  0.318385  0.000000 -0.154007  0.000000 -0.000563  0.000000 ) 
 (  0.318218  0.000000 -0.154075  0.000000 -0.000570  0.000000 ) 
 (  0.318218  0.000000 -0.154075  0.000000 -0.000556  0.000000 ) 
 (  0.318205  0.000000 -0.154047  0.000000 -0.000583  0.000000 ) 
 (  0.318204  0.000000 -0.154047  0.000000 -0.000542  0.000000 ) 
     freq (    3) =       0.375047 [THz] =      12.510226 [cm-1]
 (  0.008370  0.000000  0.018579  0.000000 -0.353086  0.000000 ) 
 (  0.008364  0.000000  0.018565  0.000000 -0.353149  0.000000 ) 
 (  0.008364  0.000000  0.018582  0.000000 -0.352833  0.000000 ) 
 (  0.008372  0.000000  0.018565  0.000000 -0.352833  0.000000 ) 
 (  0.008382  0.000000  0.018587  0.000000 -0.352958  0.000000 ) 
 (  0.008351  0.000000  0.018556  0.000000 -0.352956  0.000000 ) 
 (  0.008384  0.000000  0.018557  0.000000 -0.352956  0.000000 ) 
 (  0.008353  0.000000  0.018588  0.000000 -0.352957  0.000000 ) 
     freq (    4) =      23.913769 [THz] =     797.677482 [cm-1]
 ( -0.000000  0.000000 -0.000000  0.000000  0.000000  0.000000 ) 
 ( -0.320071  0.000000 -0.370994  0.000000 -0.000000  0.000000 ) 
 (  0.320071  0.000000  0.000000  0.000000 -0.099627  0.000000 ) 
 (  0.000000  0.000000  0.370994  0.000000  0.099627  0.000000 ) 
 ( -0.235303  0.000000 -0.110219  0.000000  0.345522  0.000000 ) 
 ( -0.135679  0.000000 -0.209843  0.000000 -0.345522  0.000000 ) 
 (  0.135679  0.000000  0.110219  0.000000 -0.025460  0.000000 ) 
 (  0.235303  0.000000  0.209843  0.000000  0.025460  0.000000 ) 
     freq (    5) =      23.913769 [THz] =     797.677482 [cm-1]
 ( -0.000000  0.000000 -0.000000  0.000000  0.000000  0.000000 ) 
 (  0.075181  0.000000  0.066672  0.000000 -0.000000  0.000000 ) 
 ( -0.075181  0.000000  0.000000  0.000000 -0.489806  0.000000 ) 
 (  0.000000  0.000000 -0.066672  0.000000  0.489806  0.000000 ) 
 ( -0.211561  0.000000  0.282485  0.000000 -0.070924  0.000000 ) 
 (  0.278231  0.000000 -0.207306  0.000000  0.070924  0.000000 ) 
 ( -0.278231  0.000000 -0.282485  0.000000 -0.004254  0.000000 ) 
 (  0.211561  0.000000  0.207306  0.000000  0.004254  0.000000 ) 
     freq (    6) =      23.913769 [THz] =     797.677482 [cm-1]
 (  0.000000  0.000000 -0.000000  0.000000  0.000000  0.000000 ) 
 ( -0.376709  0.000000  0.328521  0.000000 -0.000000  0.000000 ) 
 (  0.376709  0.000000  0.000000  0.000000 -0.013104  0.000000 ) 
 ( -0.000000  0.000000 -0.328521  0.000000  0.013104  0.000000 ) 
 (  0.157704  0.000000 -0.181797  0.000000  0.024093  0.000000 ) 
 (  0.170807  0.000000 -0.194901  0.000000 -0.024093  0.000000 ) 
 ( -0.170807  0.000000  0.181797  0.000000  0.352605  0.000000 ) 
 ( -0.157704  0.000000  0.194901  0.000000 -0.352605  0.000000 ) 
     freq (    7) =      23.917604 [THz] =     797.805401 [cm-1]
 (  0.021017  0.000000 -0.158666  0.000000  0.473848  0.000000 ) 
 ( -0.000001  0.000000  0.000010  0.000000 -0.473653  0.000000 ) 
 ( -0.000001  0.000000  0.158601  0.000000 -0.000029  0.000000 ) 
 ( -0.021008  0.000000  0.000010  0.000000 -0.000029  0.000000 ) 
 (  0.157530  0.000000  0.247334  0.000000 -0.068790  0.000000 ) 
 ( -0.316134  0.000000 -0.226330  0.000000  0.068805  0.000000 ) 
 (  0.316134  0.000000 -0.247339  0.000000  0.089814  0.000000 ) 
 ( -0.157530  0.000000  0.226325  0.000000 -0.089799  0.000000 ) 
     freq (    8) =      23.917604 [THz] =     797.805401 [cm-1]
 ( -0.356747  0.000000  0.327334  0.000000  0.125429  0.000000 ) 
 (  0.000022  0.000000 -0.000020  0.000000 -0.125378  0.000000 ) 
 (  0.000022  0.000000 -0.327200  0.000000 -0.000008  0.000000 ) 
 (  0.356600  0.000000 -0.000020  0.000000 -0.000008  0.000000 ) 
 (  0.226288  0.000000 -0.115609  0.000000 -0.014699  0.000000 ) 
 (  0.100907  0.000000 -0.240989  0.000000  0.014703  0.000000 ) 
 ( -0.100919  0.000000  0.115619  0.000000 -0.341906  0.000000 ) 
 ( -0.226300  0.000000  0.241000  0.000000  0.341910  0.000000 ) 
     freq (    9) =      23.917604 [THz] =     797.805401 [cm-1]
 ( -0.349912  0.000000 -0.343258  0.000000 -0.099418  0.000000 ) 
 (  0.000021  0.000000  0.000021  0.000000  0.099378  0.000000 ) 
 (  0.000021  0.000000  0.343117  0.000000  0.000006  0.000000 ) 
 (  0.349768  0.000000  0.000021  0.000000  0.000006  0.000000 ) 
 ( -0.221258  0.000000 -0.224584  0.000000 -0.346452  0.000000 ) 
 ( -0.121878  0.000000 -0.125204  0.000000  0.346449  0.000000 ) 
 (  0.121867  0.000000  0.224572  0.000000 -0.003327  0.000000 ) 
 (  0.221247  0.000000  0.125193  0.000000  0.003324  0.000000 ) 
     freq (   10) =      32.930453 [THz] =    1098.441670 [cm-1]
 (  0.086928 -0.000000  0.202096 -0.000000 -0.448604  0.000000 ) 
 (  0.000044 -0.000000  0.000101 -0.000000  0.449160 -0.000000 ) 
 (  0.000044 -0.000000 -0.202346  0.000000 -0.000225  0.000000 ) 
 ( -0.087036  0.000000  0.000101 -0.000000 -0.000225  0.000000 ) 
 (  0.123358 -0.000000  0.180995 -0.000000 -0.144655  0.000000 ) 
 ( -0.325606  0.000000 -0.267969  0.000000  0.144601 -0.000000 ) 
 (  0.325616 -0.000000 -0.180971  0.000000  0.057603  0.000000 ) 
 ( -0.123348  0.000000  0.267993 -0.000000 -0.057657  0.000000 ) 
     freq (   11) =      32.930453 [THz] =    1098.441670 [cm-1]
 ( -0.371563  0.000000  0.325590  0.000000  0.074678  0.000000 ) 
 ( -0.000186  0.000000  0.000163  0.000000 -0.074771  0.000000 ) 
 ( -0.000186  0.000000 -0.325993  0.000000  0.000037  0.000000 ) 
 (  0.372024  0.000000  0.000163  0.000000  0.000037  0.000000 ) 
 ( -0.200317  0.000000  0.148581  0.000000  0.023010  0.000000 ) 
 ( -0.125579  0.000000  0.223320  0.000000 -0.023001  0.000000 ) 
 (  0.125534  0.000000 -0.148542  0.000000  0.348861  0.000000 ) 
 (  0.200272  0.000000 -0.223280  0.000000 -0.348852  0.000000 ) 
     freq (   12) =      32.930453 [THz] =    1098.441670 [cm-1]
 (  0.322535  0.000000  0.320614  0.000000  0.206936  0.000000 ) 
 (  0.000162  0.000000  0.000161  0.000000 -0.207192  0.000000 ) 
 (  0.000162  0.000000 -0.321011  0.000000  0.000104  0.000000 ) 
 ( -0.322935  0.000000  0.000161  0.000000  0.000104  0.000000 ) 
 ( -0.263967  0.000000 -0.264928  0.000000 -0.321820  0.000000 ) 
 ( -0.056865  0.000000 -0.057827  0.000000  0.321845  0.000000 ) 
 (  0.056904  0.000000  0.264967  0.000000 -0.000949  0.000000 ) 
 (  0.264006  0.000000  0.057866  0.000000  0.000974  0.000000 ) 
     freq (   13) =      32.931238 [THz] =    1098.467867 [cm-1]
 (  0.000000  0.000000  0.000000  0.000000 -0.000000  0.000000 ) 
 (  0.485513 -0.000000  0.095572  0.000000  0.000000  0.000000 ) 
 ( -0.485513  0.000000 -0.000000  0.000000 -0.071666  0.000000 ) 
 ( -0.000000  0.000000 -0.095572  0.000000  0.071666 -0.000000 ) 
 ( -0.011953  0.000000 -0.278598  0.000000  0.290551 -0.000000 ) 
 ( -0.083621  0.000000 -0.206929  0.000000 -0.290551  0.000000 ) 
 (  0.083621  0.000000  0.278598 -0.000000  0.194976  0.000000 ) 
 (  0.011953  0.000000  0.206929 -0.000000 -0.194976  0.000000 ) 
     freq (   14) =      32.931238 [THz] =    1098.467867 [cm-1]
 (  0.000000 -0.000000 -0.000000  0.000000 -0.000000  0.000000 ) 
 (  0.102612  0.000000 -0.487240  0.000000  0.000000 -0.000000 ) 
 ( -0.102612  0.000000  0.000000 -0.000000  0.045389  0.000000 ) 
 ( -0.000000  0.000000  0.487240 -0.000000 -0.045389  0.000000 ) 
 (  0.220932 -0.000000 -0.028612  0.000000 -0.192320  0.000000 ) 
 (  0.266323 -0.000000 -0.074003  0.000000  0.192320  0.000000 ) 
 ( -0.266323  0.000000  0.028612  0.000000  0.294935 -0.000000 ) 
 ( -0.220932  0.000000  0.074003  0.000000 -0.294935  0.000000 ) 
     freq (   15) =      32.931238 [THz] =    1098.467867 [cm-1]
 (  0.000000  0.000000  0.000000  0.000000  0.000000  0.000000 ) 
 ( -0.061162  0.000000 -0.058782  0.000000 -0.000000  0.000000 ) 
 (  0.061162  0.000000 -0.000000  0.000000 -0.492744  0.000000 ) 
 ( -0.000000  0.000000  0.058782  0.000000  0.492744  0.000000 ) 
 (  0.275771  0.000000 -0.215797  0.000000 -0.059974  0.000000 ) 
 ( -0.216987  0.000000  0.276961  0.000000  0.059974  0.000000 ) 
 (  0.216987  0.000000  0.215797  0.000000 -0.001190  0.000000 ) 
 ( -0.275771  0.000000 -0.276961  0.000000  0.001190  0.000000 ) 
     freq (   16) =      36.732944 [THz] =    1225.279128 [cm-1]
 ( -0.164757  0.000000  0.162199  0.000000 -0.442820  0.000000 ) 
 (  0.165128  0.000000 -0.162565  0.000000 -0.442443  0.000000 ) 
 (  0.165128  0.000000  0.162061  0.000000  0.443818  0.000000 ) 
 ( -0.164617  0.000000 -0.162565  0.000000  0.443818  0.000000 ) 
 ( -0.000057  0.000000  0.000363  0.000000 -0.000414  0.000000 ) 
 ( -0.000364  0.000000  0.000055  0.000000 -0.000416  0.000000 ) 
 (  0.000056  0.000000 -0.000059  0.000000 -0.000301  0.000000 ) 
 ( -0.000252  0.000000  0.000248  0.000000 -0.000528  0.000000 ) 
     freq (   17) =      36.732944 [THz] =    1225.279128 [cm-1]
 (  0.470767 -0.000000  0.084291 -0.000000 -0.144280  0.000000 ) 
 ( -0.471827  0.000000 -0.084481  0.000000 -0.144157  0.000000 ) 
 ( -0.471827  0.000000  0.084219 -0.000000  0.144605  0.000000 ) 
 (  0.470365  0.000000 -0.084481  0.000000  0.144605  0.000000 ) 
 (  0.000462  0.000000 -0.000034  0.000000 -0.000328  0.000000 ) 
 (  0.000362  0.000000 -0.000134  0.000000  0.000057 -0.000000 ) 
 (  0.000520 -0.000000  0.000192 -0.000000 -0.000269  0.000000 ) 
 (  0.000420 -0.000000  0.000292  0.000000 -0.000001  0.000000 ) 
     freq (   18) =      36.732944 [THz] =    1225.279128 [cm-1]
 (  0.027873  0.000000 -0.464898  0.000000 -0.180656  0.000000 ) 
 ( -0.027935  0.000000  0.465945  0.000000 -0.180502  0.000000 ) 
 ( -0.027935  0.000000 -0.464501  0.000000  0.181063  0.000000 ) 
 (  0.027849  0.000000  0.465945  0.000000  0.181063  0.000000 ) 
 (  0.000250  0.000000 -0.000382  0.000000 -0.000018  0.000000 ) 
 (  0.000125  0.000000 -0.000508  0.000000 -0.000321  0.000000 ) 
 ( -0.000072  0.000000 -0.000488  0.000000 -0.000340  0.000000 ) 
 ( -0.000198  0.000000 -0.000363  0.000000  0.000002  0.000000 ) 
     freq (   19) =      36.734543 [THz] =    1225.332462 [cm-1]
 ( -0.000000  0.000000  0.000000  0.000000  0.000000  0.000000 ) 
 (  0.000000  0.000000 -0.000000  0.000000  0.000000  0.000000 ) 
 (  0.000000  0.000000  0.000000  0.000000 -0.000000  0.000000 ) 
 ( -0.000000  0.000000 -0.000000  0.000000 -0.000000  0.000000 ) 
 ( -0.302683  0.000000  0.388591  0.000000 -0.085908  0.000000 ) 
 (  0.302683  0.000000 -0.388591  0.000000 -0.085908  0.000000 ) 
 (  0.302683  0.000000  0.388591  0.000000  0.085908  0.000000 ) 
 ( -0.302683  0.000000 -0.388591  0.000000  0.085908  0.000000 ) 
     freq (   20) =      36.734543 [THz] =    1225.332462 [cm-1]
 (  0.000000  0.000000 -0.000000  0.000000  0.000000  0.000000 ) 
 ( -0.000000  0.000000  0.000000  0.000000  0.000000  0.000000 ) 
 ( -0.000000  0.000000 -0.000000  0.000000 -0.000000  0.000000 ) 
 (  0.000000  0.000000  0.000000  0.000000 -0.000000  0.000000 ) 
 (  0.273952  0.000000  0.125155  0.000000 -0.399107  0.000000 ) 
 ( -0.273952  0.000000 -0.125155  0.000000 -0.399107  0.000000 ) 
 ( -0.273952  0.000000  0.125155  0.000000  0.399107  0.000000 ) 
 (  0.273952  0.000000 -0.125155  0.000000  0.399107  0.000000 ) 
     freq (   21) =      36.734565 [THz] =    1225.333194 [cm-1]
 (  0.000000  0.000000 -0.000000  0.000000  0.000000  0.000000 ) 
 ( -0.000000  0.000000  0.000000  0.000000  0.000000  0.000000 ) 
 ( -0.000000  0.000000 -0.000000  0.000000 -0.000000  0.000000 ) 
 (  0.000000  0.000000  0.000000  0.000000 -0.000000  0.000000 ) 
 (  0.288675  0.000000  0.288675  0.000000  0.288675  0.000000 ) 
 ( -0.288675  0.000000 -0.288675  0.000000  0.288675  0.000000 ) 
 ( -0.288675  0.000000  0.288675  0.000000 -0.288675  0.000000 ) 
 (  0.288675  0.000000 -0.288675  0.000000 -0.288675  0.000000 ) 
     freq (   22) =      39.837995 [THz] =    1328.852486 [cm-1]
 (  0.020447  0.000000 -0.020878  0.000000 -0.353163  0.000000 ) 
 (  0.020353  0.000000 -0.020782  0.000000 -0.353118  0.000000 ) 
 (  0.020353  0.000000 -0.020875  0.000000 -0.351538  0.000000 ) 
 (  0.020445  0.000000 -0.020782  0.000000 -0.351538  0.000000 ) 
 ( -0.020368  0.000000  0.020860  0.000000  0.352358  0.000000 ) 
 ( -0.020430  0.000000  0.020797  0.000000  0.352358  0.000000 ) 
 ( -0.020371  0.000000  0.020801  0.000000  0.352354  0.000000 ) 
 ( -0.020434  0.000000  0.020863  0.000000  0.352362  0.000000 ) 
     freq (   23) =      39.837995 [THz] =    1328.852486 [cm-1]
 (  0.243445  0.000000 -0.255850  0.000000  0.029220  0.000000 ) 
 (  0.242324  0.000000 -0.254673  0.000000  0.029216  0.000000 ) 
 (  0.242324  0.000000 -0.255817  0.000000  0.029085  0.000000 ) 
 (  0.243413  0.000000 -0.254673  0.000000  0.029085  0.000000 ) 
 ( -0.242870  0.000000  0.255243  0.000000 -0.029152  0.000000 ) 
 ( -0.242865  0.000000  0.255248  0.000000 -0.029154  0.000000 ) 
 ( -0.242915  0.000000  0.255291  0.000000 -0.029197  0.000000 ) 
 ( -0.242910  0.000000  0.255285  0.000000 -0.029109  0.000000 ) 
     freq (   24) =      39.837995 [THz] =    1328.852486 [cm-1]
 ( -0.256700  0.000000 -0.244302  0.000000 -0.000420  0.000000 ) 
 ( -0.255519  0.000000 -0.243177  0.000000 -0.000420  0.000000 ) 
 ( -0.255519  0.000000 -0.244270  0.000000 -0.000418  0.000000 ) 
 ( -0.256667  0.000000 -0.243177  0.000000 -0.000418  0.000000 ) 
 (  0.256136  0.000000  0.243767  0.000000  0.000463  0.000000 ) 
 (  0.256136  0.000000  0.243767  0.000000  0.000375  0.000000 ) 
 (  0.256093  0.000000  0.243722  0.000000  0.000420  0.000000 ) 
 (  0.256093  0.000000  0.243722  0.000000  0.000418  0.000000 ) 
 **************************************************************************
