Dynamical matrix file
                                                                           
  1    8  0  6.6490000  0.0000000  0.0000000  0.0000000  0.0000000  0.0000000
Basis vectors
      1.000000000    0.000000000    0.000000000
      0.000000000    1.000000000    0.000000000
      0.000000000    0.000000000    1.000000000
           1  'C   '    10947.083358978085     
    1    1      0.0000000000      0.0000000000      0.0000000000
    2    1      0.5000000000      0.5000000000      0.0000000000
    3    1      0.5000000000      0.0000000000      0.5000000000
    4    1      0.0000000000      0.5000000000      0.5000000000
    5    1      0.2500000000      0.2500000000      0.2500000000
    6    1      0.7500000000      0.7500000000      0.2500000000
    7    1      0.7500000000      0.2500000000      0.7500000000
    8    1      0.2500000000      0.7500000000      0.7500000000

     Dynamical  Matrix in cartesian axes

     q = (    0.000000000   0.000000000   0.250000000 ) 

    1    1
  0.95494430  0.00000000    0.00000000  0.00000000    0.00000000  0.00000000
  0.00000000  0.00000000    0.95494430  0.00000000    0.00000000  0.00000000
  0.00000000  0.00000000    0.00000000  0.00000000    0.97128832  0.00000000
    1    2
 -0.13329621  0.00000000    0.00000000  0.00000004    0.00000000  0.00000000
  0.00000000  0.00000004   -0.13329621  0.00000000    0.00000000  0.00000000
  0.00000000  0.00000000    0.00000000  0.00000000    0.11723018  0.00000000
    1    3
 -0.06837286  0.06837286   -0.03464422 -0.03464422    0.00000000  0.00000000
  0.03464748  0.03464748    0.05972433 -0.05972433    0.00000000  0.00000000
  0.00000000  0.00000000    0.00000000  0.00000000   -0.07014603  0.07014603
    1    4
  0.05972433 -0.05972433    0.03464748  0.03464748    0.00000000  0.00000000
 -0.03464422 -0.03464422   -0.06837286  0.06837286   -0.00000000  0.00000000
  0.00000000  0.00000000    0.00000000  0.00000000   -0.07014603  0.07014603
    1    5
 -0.19574441  0.00378400   -0.05556575  0.01039482   -0.05459058  0.01089721
 -0.05556575  0.01039482   -0.19574441  0.00378400   -0.05459058  0.01089721
 -0.05460960  0.01089693   -0.05460960  0.01089693   -0.19979862  0.00146441
    1    6
 -0.19574441  0.00378400   -0.05556575  0.01039482    0.05459058 -0.01089721
 -0.05556575  0.01039482   -0.19574441  0.00378400    0.05459058 -0.01089721
  0.05460960 -0.01089693    0.05460960 -0.01089693   -0.19979862  0.00146441
    1    7
 -0.00378400  0.19574441    0.01039482 -0.05556575   -0.01089721  0.05459058
  0.01039482 -0.05556575   -0.00378400  0.19574441    0.01089721 -0.05459058
 -0.01089693  0.05460960    0.01089693 -0.05460960   -0.00146441  0.19979862
    1    8
 -0.00378400  0.19574441    0.01039482 -0.05556575    0.01089721 -0.05459058
  0.01039482 -0.05556575   -0.00378400  0.19574441   -0.01089721  0.05459058
  0.01089693 -0.05460960   -0.01089693  0.05460960   -0.00146441  0.19979862
    2    1
 -0.13329621  0.00000000    0.00000000 -0.00000004    0.00000000  0.00000000
  0.00000000 -0.00000004   -0.13329621  0.00000000    0.00000000  0.00000000
  0.00000000  0.00000000    0.00000000  0.00000000    0.11723018  0.00000000
    2    2
  0.95491209  0.00000000    0.00000000  0.00000000    0.00000000  0.00000000
  0.00000000  0.00000000    0.95491209  0.00000000    0.00000000  0.00000000
  0.00000000  0.00000000    0.00000000  0.00000000    0.97129294  0.00000000
    2    3
  0.05972011 -0.05972011    0.03464355  0.03464355    0.00000000  0.00000000
 -0.03464683 -0.03464683   -0.06837288  0.06837288    0.00000000  0.00000000
  0.00000000  0.00000000    0.00000000  0.00000000   -0.07014581  0.07014581
    2    4
 -0.06837288  0.06837288   -0.03464683 -0.03464683    0.00000000  0.00000000
  0.03464355  0.03464355    0.05972011 -0.05972011    0.00000000  0.00000000
  0.00000000  0.00000000    0.00000000  0.00000000   -0.07014581  0.07014581
    2    5
 -0.19573558  0.00377021   -0.05557862  0.01040526    0.05459517 -0.01090010
 -0.05557862  0.01040526   -0.19573558  0.00377021    0.05459517 -0.01090010
  0.05458967 -0.01091101    0.05458967 -0.01091101   -0.19979559  0.00146911
    2    6
 -0.19573558  0.00377021   -0.05557862  0.01040526   -0.05459517  0.01090010
 -0.05557862  0.01040526   -0.19573558  0.00377021   -0.05459517  0.01090010
 -0.05458967  0.01091101   -0.05458967  0.01091101   -0.19979559  0.00146911
    2    7
 -0.00377021  0.19573558    0.01040526 -0.05557862    0.01090010 -0.05459517
  0.01040526 -0.05557862   -0.00377021  0.19573558   -0.01090010  0.05459517
  0.01091101 -0.05458967   -0.01091101  0.05458967   -0.00146911  0.19979559
    2    8
 -0.00377021  0.19573558    0.01040526 -0.05557862   -0.01090010  0.05459517
  0.01040526 -0.05557862   -0.00377021  0.19573558    0.01090010 -0.05459517
 -0.01091101  0.05458967    0.01091101 -0.05458967   -0.00146911  0.19979559
    3    1
 -0.06837286 -0.06837286    0.03464748 -0.03464748    0.00000000 -0.00000000
 -0.03464422  0.03464422    0.05972433  0.05972433    0.00000000  0.00000000
  0.00000000  0.00000000    0.00000000  0.00000000   -0.07014603 -0.07014603
    3    2
  0.05972011  0.05972011   -0.03464683  0.03464683    0.00000000  0.00000000
  0.03464355 -0.03464355   -0.06837288 -0.06837288    0.00000000  0.00000000
  0.00000000  0.00000000    0.00000000  0.00000000   -0.07014581 -0.07014581
    3    3
  0.95492058  0.00000000    0.00000000  0.00000029    0.00000000  0.00000000
  0.00000000 -0.00000029    0.95494237  0.00000000    0.00000000  0.00000000
  0.00000000  0.00000000    0.00000000  0.00000000    0.97125563  0.00000000
    3    4
 -0.13329429  0.00000000    0.00000000  0.00000000    0.00000000  0.00000000
  0.00000000  0.00000000   -0.13329429  0.00000000    0.00000000  0.00000000
  0.00000000  0.00000000    0.00000000  0.00000000    0.11723835  0.00000000
    3    5
 -0.19573891 -0.00377469    0.05556629  0.01039641   -0.05459700 -0.01089884
  0.05557571  0.01040431   -0.19575462 -0.00378226    0.05458912  0.01089796
 -0.05458237 -0.01089367    0.05457280  0.01090469   -0.19980114 -0.00147204
    3    6
 -0.19573891 -0.00377469    0.05556629  0.01039641    0.05459700  0.01089884
  0.05557571  0.01040431   -0.19575462 -0.00378226   -0.05458912 -0.01089796
  0.05458237  0.01089367   -0.05457280 -0.01090469   -0.19980114 -0.00147204
    3    7
 -0.19573891  0.00377469   -0.05556629  0.01039641   -0.05459700  0.01089884
 -0.05557571  0.01040431   -0.19575462  0.00378226   -0.05458912  0.01089796
 -0.05458237  0.01089367   -0.05457280  0.01090469   -0.19980114  0.00147204
    3    8
 -0.19573891  0.00377469   -0.05556629  0.01039641    0.05459700 -0.01089884
 -0.05557571  0.01040431   -0.19575462  0.00378226    0.05458912 -0.01089796
  0.05458237 -0.01089367    0.05457280 -0.01090469   -0.19980114  0.00147204
    4    1
  0.05972433  0.05972433   -0.03464422  0.03464422    0.00000000  0.00000000
  0.03464748 -0.03464748   -0.06837286 -0.06837286    0.00000000  0.00000000
  0.00000000  0.00000000   -0.00000000  0.00000000   -0.07014603 -0.07014603
    4    2
 -0.06837288 -0.06837288    0.03464355 -0.03464355    0.00000000  0.00000000
 -0.03464683  0.03464683    0.05972011  0.05972011    0.00000000  0.00000000
  0.00000000  0.00000000    0.00000000  0.00000000   -0.07014581 -0.07014581
    4    3
 -0.13329429  0.00000000    0.00000000  0.00000000    0.00000000  0.00000000
  0.00000000  0.00000000   -0.13329429  0.00000000    0.00000000  0.00000000
  0.00000000  0.00000000    0.00000000  0.00000000    0.11723835  0.00000000
    4    4
  0.95494237  0.00000000    0.00000000 -0.00000029    0.00000000  0.00000000
  0.00000000  0.00000029    0.95492058  0.00000000    0.00000000  0.00000000
  0.00000000  0.00000000    0.00000000  0.00000000    0.97125563  0.00000000
    4    5
 -0.19575462 -0.00378226    0.05557571  0.01040431    0.05458912  0.01089796
  0.05556629  0.01039641   -0.19573891 -0.00377469   -0.05459700 -0.01089884
  0.05457280  0.01090469   -0.05458237 -0.01089367   -0.19980114 -0.00147204
    4    6
 -0.19575462 -0.00378226    0.05557571  0.01040431   -0.05458912 -0.01089796
  0.05556629  0.01039641   -0.19573891 -0.00377469    0.05459700  0.01089884
 -0.05457280 -0.01090469    0.05458237  0.01089367   -0.19980114 -0.00147204
    4    7
 -0.19575462  0.00378226   -0.05557571  0.01040431    0.05458912 -0.01089796
 -0.05556629  0.01039641   -0.19573891  0.00377469    0.05459700 -0.01089884
  0.05457280 -0.01090469    0.05458237 -0.01089367   -0.19980114  0.00147204
    4    8
 -0.19575462  0.00378226   -0.05557571  0.01040431   -0.05458912  0.01089796
 -0.05556629  0.01039641   -0.19573891  0.00377469   -0.05459700  0.01089884
 -0.05457280  0.01090469   -0.05458237  0.01089367   -0.19980114  0.00147204
    5    1
 -0.19574441 -0.00378400   -0.05556575 -0.01039482   -0.05460960 -0.01089693
 -0.05556575 -0.01039482   -0.19574441 -0.00378400   -0.05460960 -0.01089693
 -0.05459058 -0.01089721   -0.05459058 -0.01089721   -0.19979862 -0.00146441
    5    2
 -0.19573558 -0.00377021   -0.05557862 -0.01040526    0.05458967  0.01091101
 -0.05557862 -0.01040526   -0.19573558 -0.00377021    0.05458967  0.01091101
  0.05459517  0.01090010    0.05459517  0.01090010   -0.19979559 -0.00146911
    5    3
 -0.19573891  0.00377469    0.05557571 -0.01040431   -0.05458237  0.01089367
  0.05556629 -0.01039641   -0.19575462  0.00378226    0.05457280 -0.01090469
 -0.05459700  0.01089884    0.05458912 -0.01089796   -0.19980114  0.00147204
    5    4
 -0.19575462  0.00378226    0.05556629 -0.01039641    0.05457280 -0.01090469
  0.05557571 -0.01040431   -0.19573891  0.00377469   -0.05458237  0.01089367
  0.05458912 -0.01089796   -0.05459700  0.01089884   -0.19980114  0.00147204
    5    5
  0.95495682  0.00000000   -0.00007442  0.00000000   -0.00001399  0.00000123
 -0.00007442  0.00000000    0.95495682  0.00000000   -0.00001399  0.00000123
 -0.00001399 -0.00000123   -0.00001399 -0.00000123    0.97126546  0.00000000
    5    6
 -0.13334021  0.00000000    0.00008521  0.00000000   -0.00000171 -0.00000110
  0.00008521  0.00000000   -0.13334021  0.00000000   -0.00000171 -0.00000110
  0.00000171 -0.00000110    0.00000171 -0.00000110    0.11720736  0.00000000
    5    7
 -0.06839309  0.06836026    0.03462983  0.03465787    0.00000209  0.00000020
 -0.03462983 -0.03465787    0.05973120 -0.05969827   -0.00000068  0.00000517
  0.00000209  0.00000020    0.00000068 -0.00000517   -0.07011247  0.07010378
    5    8
  0.05973120 -0.05969827   -0.03462983 -0.03465787   -0.00000068  0.00000517
  0.03462983  0.03465787   -0.06839309  0.06836026    0.00000209  0.00000020
  0.00000068 -0.00000517    0.00000209  0.00000020   -0.07011247  0.07010378
    6    1
 -0.19574441 -0.00378400   -0.05556575 -0.01039482    0.05460960  0.01089693
 -0.05556575 -0.01039482   -0.19574441 -0.00378400    0.05460960  0.01089693
  0.05459058  0.01089721    0.05459058  0.01089721   -0.19979862 -0.00146441
    6    2
 -0.19573558 -0.00377021   -0.05557862 -0.01040526   -0.05458967 -0.01091101
 -0.05557862 -0.01040526   -0.19573558 -0.00377021   -0.05458967 -0.01091101
 -0.05459517 -0.01090010   -0.05459517 -0.01090010   -0.19979559 -0.00146911
    6    3
 -0.19573891  0.00377469    0.05557571 -0.01040431    0.05458237 -0.01089367
  0.05556629 -0.01039641   -0.19575462  0.00378226   -0.05457280  0.01090469
  0.05459700 -0.01089884   -0.05458912  0.01089796   -0.19980114  0.00147204
    6    4
 -0.19575462  0.00378226    0.05556629 -0.01039641   -0.05457280  0.01090469
  0.05557571 -0.01040431   -0.19573891  0.00377469    0.05458237 -0.01089367
 -0.05458912  0.01089796    0.05459700 -0.01089884   -0.19980114  0.00147204
    6    5
 -0.13334021  0.00000000    0.00008521  0.00000000    0.00000171  0.00000110
  0.00008521  0.00000000   -0.13334021  0.00000000    0.00000171  0.00000110
 -0.00000171  0.00000110   -0.00000171  0.00000110    0.11720736  0.00000000
    6    6
  0.95495682  0.00000000   -0.00007442  0.00000000    0.00001399 -0.00000123
 -0.00007442  0.00000000    0.95495682  0.00000000    0.00001399 -0.00000123
  0.00001399  0.00000123    0.00001399  0.00000123    0.97126546  0.00000000
    6    7
  0.05973120 -0.05969827   -0.03462983 -0.03465787    0.00000068 -0.00000517
  0.03462983  0.03465787   -0.06839309  0.06836026   -0.00000209 -0.00000020
 -0.00000068  0.00000517   -0.00000209 -0.00000020   -0.07011247  0.07010378
    6    8
 -0.06839309  0.06836026    0.03462983  0.03465787   -0.00000209 -0.00000020
 -0.03462983 -0.03465787    0.05973120 -0.05969827    0.00000068 -0.00000517
 -0.00000209 -0.00000020   -0.00000068  0.00000517   -0.07011247  0.07010378
    7    1
 -0.00378400 -0.19574441    0.01039482  0.05556575   -0.01089693 -0.05460960
  0.01039482  0.05556575   -0.00378400 -0.19574441    0.01089693  0.05460960
 -0.01089721 -0.05459058    0.01089721  0.05459058   -0.00146441 -0.19979862
    7    2
 -0.00377021 -0.19573558    0.01040526  0.05557862    0.01091101  0.05458967
  0.01040526  0.05557862   -0.00377021 -0.19573558   -0.01091101 -0.05458967
  0.01090010  0.05459517   -0.01090010 -0.05459517   -0.00146911 -0.19979559
    7    3
 -0.19573891 -0.00377469   -0.05557571 -0.01040431   -0.05458237 -0.01089367
 -0.05556629 -0.01039641   -0.19575462 -0.00378226   -0.05457280 -0.01090469
 -0.05459700 -0.01089884   -0.05458912 -0.01089796   -0.19980114 -0.00147204
    7    4
 -0.19575462 -0.00378226   -0.05556629 -0.01039641    0.05457280  0.01090469
 -0.05557571 -0.01040431   -0.19573891 -0.00377469    0.05458237  0.01089367
  0.05458912  0.01089796    0.05459700  0.01089884   -0.19980114 -0.00147204
    7    5
 -0.06839309 -0.06836026   -0.03462983  0.03465787    0.00000209 -0.00000020
  0.03462983 -0.03465787    0.05973120  0.05969827    0.00000068  0.00000517
  0.00000209 -0.00000020   -0.00000068 -0.00000517   -0.07011247 -0.07010378
    7    6
  0.05973120  0.05969827    0.03462983 -0.03465787   -0.00000068 -0.00000517
 -0.03462983  0.03465787   -0.06839309 -0.06836026   -0.00000209  0.00000020
  0.00000068  0.00000517   -0.00000209  0.00000020   -0.07011247 -0.07010378
    7    7
  0.95495682  0.00000000    0.00007442  0.00000000   -0.00001399 -0.00000123
  0.00007442  0.00000000    0.95495682  0.00000000    0.00001399  0.00000123
 -0.00001399  0.00000123    0.00001399 -0.00000123    0.97126546  0.00000000
    7    8
 -0.13334021  0.00000000   -0.00008521  0.00000000   -0.00000171  0.00000110
 -0.00008521  0.00000000   -0.13334021  0.00000000    0.00000171 -0.00000110
  0.00000171  0.00000110   -0.00000171 -0.00000110    0.11720736  0.00000000
    8    1
 -0.00378400 -0.19574441    0.01039482  0.05556575    0.01089693  0.05460960
  0.01039482  0.05556575   -0.00378400 -0.19574441   -0.01089693 -0.05460960
  0.01089721  0.05459058   -0.01089721 -0.05459058   -0.00146441 -0.19979862
    8    2
 -0.00377021 -0.19573558    0.01040526  0.05557862   -0.01091101 -0.05458967
  0.01040526  0.05557862   -0.00377021 -0.19573558    0.01091101  0.05458967
 -0.01090010 -0.05459517    0.01090010  0.05459517   -0.00146911 -0.19979559
    8    3
 -0.19573891 -0.00377469   -0.05557571 -0.01040431    0.05458237  0.01089367
 -0.05556629 -0.01039641   -0.19575462 -0.00378226    0.05457280  0.01090469
  0.05459700  0.01089884    0.05458912  0.01089796   -0.19980114 -0.00147204
    8    4
 -0.19575462 -0.00378226   -0.05556629 -0.01039641   -0.05457280 -0.01090469
 -0.05557571 -0.01040431   -0.19573891 -0.00377469   -0.05458237 -0.01089367
 -0.05458912 -0.01089796   -0.05459700 -0.01089884   -0.19980114 -0.00147204
    8    5
  0.05973120  0.05969827    0.03462983 -0.03465787    0.00000068  0.00000517
 -0.03462983  0.03465787   -0.06839309 -0.06836026    0.00000209 -0.00000020
 -0.00000068 -0.00000517    0.00000209 -0.00000020   -0.07011247 -0.07010378
    8    6
 -0.06839309 -0.06836026   -0.03462983  0.03465787   -0.00000209  0.00000020
  0.03462983 -0.03465787    0.05973120  0.05969827   -0.00000068 -0.00000517
 -0.00000209  0.00000020    0.00000068  0.00000517   -0.07011247 -0.07010378
    8    7
 -0.13334021  0.00000000   -0.00008521  0.00000000    0.00000171 -0.00000110
 -0.00008521  0.00000000   -0.13334021  0.00000000   -0.00000171  0.00000110
 -0.00000171 -0.00000110    0.00000171  0.00000110    0.11720736  0.00000000
    8    8
  0.95495682  0.00000000    0.00007442  0.00000000    0.00001399  0.00000123
  0.00007442  0.00000000    0.95495682  0.00000000   -0.00001399 -0.00000123
  0.00001399 -0.00000123   -0.00001399  0.00000123    0.97126546  0.00000000

     Dynamical  Matrix in cartesian axes

     q = (    0.250000000   0.000000000   0.000000000 ) 

    1    1
  0.97128832  0.00000000    0.00000000  0.00000000    0.00000000  0.00000000
  0.00000000  0.00000000    0.95494430  0.00000000    0.00000000  0.00000000
  0.00000000  0.00000000    0.00000000  0.00000000    0.95494430  0.00000000
    1    2
 -0.07014603  0.07014603    0.00000000  0.00000000    0.00000000  0.00000000
  0.00000000  0.00000000   -0.06837286  0.06837286   -0.03464422 -0.03464422
  0.00000000  0.00000000    0.03464748  0.03464748    0.05972433 -0.05972433
    1    3
 -0.07014603  0.07014603    0.00000000  0.00000000    0.00000000  0.00000000
  0.00000000  0.00000000    0.05972433 -0.05972433    0.03464748  0.03464748
  0.00000000  0.00000000   -0.03464422 -0.03464422   -0.06837286  0.06837286
    1    4
  0.11723018  0.00000000    0.00000000  0.00000000    0.00000000  0.00000000
  0.00000000  0.00000000   -0.13329621  0.00000000    0.00000000  0.00000004
  0.00000000  0.00000000    0.00000000  0.00000004   -0.13329621  0.00000000
    1    5
 -0.19979862  0.00146441   -0.05460960  0.01089693   -0.05460960  0.01089693
 -0.05459058  0.01089721   -0.19574441  0.00378400   -0.05556575  0.01039482
 -0.05459058  0.01089721   -0.05556575  0.01039482   -0.19574441  0.00378400
    1    6
 -0.00146441  0.19979862   -0.01089693  0.05460960    0.01089693 -0.05460960
 -0.01089721  0.05459058   -0.00378400  0.19574441    0.01039482 -0.05556575
  0.01089721 -0.05459058    0.01039482 -0.05556575   -0.00378400  0.19574441
    1    7
 -0.00146441  0.19979862    0.01089693 -0.05460960   -0.01089693  0.05460960
  0.01089721 -0.05459058   -0.00378400  0.19574441    0.01039482 -0.05556575
 -0.01089721  0.05459058    0.01039482 -0.05556575   -0.00378400  0.19574441
    1    8
 -0.19979862  0.00146441    0.05460960 -0.01089693    0.05460960 -0.01089693
  0.05459058 -0.01089721   -0.19574441  0.00378400   -0.05556575  0.01039482
  0.05459058 -0.01089721   -0.05556575  0.01039482   -0.19574441  0.00378400
    2    1
 -0.07014603 -0.07014603    0.00000000  0.00000000    0.00000000  0.00000000
  0.00000000  0.00000000   -0.06837286 -0.06837286    0.03464748 -0.03464748
  0.00000000  0.00000000   -0.03464422  0.03464422    0.05972433  0.05972433
    2    2
  0.97125563  0.00000000    0.00000000  0.00000000    0.00000000  0.00000000
  0.00000000  0.00000000    0.95492058  0.00000000    0.00000000  0.00000029
  0.00000000  0.00000000    0.00000000 -0.00000029    0.95494237  0.00000000
    2    3
  0.11723835  0.00000000    0.00000000  0.00000000    0.00000000  0.00000000
  0.00000000  0.00000000   -0.13329429  0.00000000    0.00000000  0.00000000
  0.00000000  0.00000000    0.00000000  0.00000000   -0.13329429  0.00000000
    2    4
 -0.07014581 -0.07014581    0.00000000  0.00000000    0.00000000  0.00000000
  0.00000000  0.00000000    0.05972011  0.05972011   -0.03464683  0.03464683
  0.00000000  0.00000000    0.03464355 -0.03464355   -0.06837288 -0.06837288
    2    5
 -0.19980114 -0.00147204   -0.05458237 -0.01089367    0.05457280  0.01090469
 -0.05459700 -0.01089884   -0.19573891 -0.00377469    0.05556629  0.01039641
  0.05458912  0.01089796    0.05557571  0.01040431   -0.19575462 -0.00378226
    2    6
 -0.19980114  0.00147204   -0.05458237  0.01089367   -0.05457280  0.01090469
 -0.05459700  0.01089884   -0.19573891  0.00377469   -0.05556629  0.01039641
 -0.05458912  0.01089796   -0.05557571  0.01040431   -0.19575462  0.00378226
    2    7
 -0.19980114  0.00147204    0.05458237 -0.01089367    0.05457280 -0.01090469
  0.05459700 -0.01089884   -0.19573891  0.00377469   -0.05556629  0.01039641
  0.05458912 -0.01089796   -0.05557571  0.01040431   -0.19575462  0.00378226
    2    8
 -0.19980114 -0.00147204    0.05458237  0.01089367   -0.05457280 -0.01090469
  0.05459700  0.01089884   -0.19573891 -0.00377469    0.05556629  0.01039641
 -0.05458912 -0.01089796    0.05557571  0.01040431   -0.19575462 -0.00378226
    3    1
 -0.07014603 -0.07014603    0.00000000  0.00000000    0.00000000  0.00000000
  0.00000000  0.00000000    0.05972433  0.05972433   -0.03464422  0.03464422
  0.00000000  0.00000000    0.03464748 -0.03464748   -0.06837286 -0.06837286
    3    2
  0.11723835  0.00000000    0.00000000  0.00000000    0.00000000  0.00000000
  0.00000000  0.00000000   -0.13329429  0.00000000    0.00000000  0.00000000
  0.00000000  0.00000000    0.00000000  0.00000000   -0.13329429  0.00000000
    3    3
  0.97125563  0.00000000    0.00000000  0.00000000    0.00000000  0.00000000
  0.00000000  0.00000000    0.95494237  0.00000000    0.00000000 -0.00000029
  0.00000000  0.00000000    0.00000000  0.00000029    0.95492058  0.00000000
    3    4
 -0.07014581 -0.07014581    0.00000000  0.00000000    0.00000000  0.00000000
  0.00000000  0.00000000   -0.06837288 -0.06837288    0.03464355 -0.03464355
  0.00000000  0.00000000   -0.03464683  0.03464683    0.05972011  0.05972011
    3    5
 -0.19980114 -0.00147204    0.05457280  0.01090469   -0.05458237 -0.01089367
  0.05458912  0.01089796   -0.19575462 -0.00378226    0.05557571  0.01040431
 -0.05459700 -0.01089884    0.05556629  0.01039641   -0.19573891 -0.00377469
    3    6
 -0.19980114  0.00147204    0.05457280 -0.01090469    0.05458237 -0.01089367
  0.05458912 -0.01089796   -0.19575462  0.00378226   -0.05557571  0.01040431
  0.05459700 -0.01089884   -0.05556629  0.01039641   -0.19573891  0.00377469
    3    7
 -0.19980114  0.00147204   -0.05457280  0.01090469   -0.05458237  0.01089367
 -0.05458912  0.01089796   -0.19575462  0.00378226   -0.05557571  0.01040431
 -0.05459700  0.01089884   -0.05556629  0.01039641   -0.19573891  0.00377469
    3    8
 -0.19980114 -0.00147204   -0.05457280 -0.01090469    0.05458237  0.01089367
 -0.05458912 -0.01089796   -0.19575462 -0.00378226    0.05557571  0.01040431
  0.05459700  0.01089884    0.05556629  0.01039641   -0.19573891 -0.00377469
    4    1
  0.11723018  0.00000000    0.00000000  0.00000000    0.00000000  0.00000000
  0.00000000  0.00000000   -0.13329621  0.00000000    0.00000000 -0.00000004
  0.00000000  0.00000000    0.00000000 -0.00000004   -0.13329621  0.00000000
    4    2
 -0.07014581  0.07014581    0.00000000  0.00000000    0.00000000  0.00000000
  0.00000000  0.00000000    0.05972011 -0.05972011    0.03464355  0.03464355
  0.00000000  0.00000000   -0.03464683 -0.03464683   -0.06837288  0.06837288
    4    3
 -0.07014581  0.07014581    0.00000000  0.00000000    0.00000000  0.00000000
  0.00000000  0.00000000   -0.06837288  0.06837288   -0.03464683 -0.03464683
  0.00000000  0.00000000    0.03464355  0.03464355    0.05972011 -0.05972011
    4    4
  0.97129294  0.00000000    0.00000000  0.00000000    0.00000000  0.00000000
  0.00000000  0.00000000    0.95491209  0.00000000    0.00000000  0.00000000
  0.00000000  0.00000000    0.00000000  0.00000000    0.95491209  0.00000000
    4    5
 -0.19979559  0.00146911    0.05458967 -0.01091101    0.05458967 -0.01091101
  0.05459517 -0.01090010   -0.19573558  0.00377021   -0.05557862  0.01040526
  0.05459517 -0.01090010   -0.05557862  0.01040526   -0.19573558  0.00377021
    4    6
 -0.00146911  0.19979559    0.01091101 -0.05458967   -0.01091101  0.05458967
  0.01090010 -0.05459517   -0.00377021  0.19573558    0.01040526 -0.05557862
 -0.01090010  0.05459517    0.01040526 -0.05557862   -0.00377021  0.19573558
    4    7
 -0.00146911  0.19979559   -0.01091101  0.05458967    0.01091101 -0.05458967
 -0.01090010  0.05459517   -0.00377021  0.19573558    0.01040526 -0.05557862
  0.01090010 -0.05459517    0.01040526 -0.05557862   -0.00377021  0.19573558
    4    8
 -0.19979559  0.00146911   -0.05458967  0.01091101   -0.05458967  0.01091101
 -0.05459517  0.01090010   -0.19573558  0.00377021   -0.05557862  0.01040526
 -0.05459517  0.01090010   -0.05557862  0.01040526   -0.19573558  0.00377021
    5    1
 -0.19979862 -0.00146441   -0.05459058 -0.01089721   -0.05459058 -0.01089721
 -0.05460960 -0.01089693   -0.19574441 -0.00378400   -0.05556575 -0.01039482
 -0.05460960 -0.01089693   -0.05556575 -0.01039482   -0.19574441 -0.00378400
    5    2
 -0.19980114  0.00147204   -0.05459700  0.01089884    0.05458912 -0.01089796
 -0.05458237  0.01089367   -0.19573891  0.00377469    0.05557571 -0.01040431
  0.05457280 -0.01090469    0.05556629 -0.01039641   -0.19575462  0.00378226
    5    3
 -0.19980114  0.00147204    0.05458912 -0.01089796   -0.05459700  0.01089884
  0.05457280 -0.01090469   -0.19575462  0.00378226    0.05556629 -0.01039641
 -0.05458237  0.01089367    0.05557571 -0.01040431   -0.19573891  0.00377469
    5    4
 -0.19979559 -0.00146911    0.05459517  0.01090010    0.05459517  0.01090010
  0.05458967  0.01091101   -0.19573558 -0.00377021   -0.05557862 -0.01040526
  0.05458967  0.01091101   -0.05557862 -0.01040526   -0.19573558 -0.00377021
    5    5
  0.97126546  0.00000000   -0.00001399 -0.00000123   -0.00001399 -0.00000123
 -0.00001399  0.00000123    0.95495682  0.00000000   -0.00007442  0.00000000
 -0.00001399  0.00000123   -0.00007442  0.00000000    0.95495682  0.00000000
    5    6
 -0.07011247  0.07010378    0.00000209  0.00000020    0.00000068 -0.00000517
  0.00000209  0.00000020   -0.06839309  0.06836026    0.03462983  0.03465787
 -0.00000068  0.00000517   -0.03462983 -0.03465787    0.05973120 -0.05969827
    5    7
 -0.07011247  0.07010378    0.00000068 -0.00000517    0.00000209  0.00000020
 -0.00000068  0.00000517    0.05973120 -0.05969827   -0.03462983 -0.03465787
  0.00000209  0.00000020    0.03462983  0.03465787   -0.06839309  0.06836026
    5    8
  0.11720736  0.00000000    0.00000171 -0.00000110    0.00000171 -0.00000110
 -0.00000171 -0.00000110   -0.13334021  0.00000000    0.00008521  0.00000000
 -0.00000171 -0.00000110    0.00008521  0.00000000   -0.13334021  0.00000000
    6    1
 -0.00146441 -0.19979862   -0.01089721 -0.05459058    0.01089721  0.05459058
 -0.01089693 -0.05460960   -0.00378400 -0.19574441    0.01039482  0.05556575
  0.01089693  0.05460960    0.01039482  0.05556575   -0.00378400 -0.19574441
    6    2
 -0.19980114 -0.00147204   -0.05459700 -0.01089884   -0.05458912 -0.01089796
 -0.05458237 -0.01089367   -0.19573891 -0.00377469   -0.05557571 -0.01040431
 -0.05457280 -0.01090469   -0.05556629 -0.01039641   -0.19575462 -0.00378226
    6    3
 -0.19980114 -0.00147204    0.05458912  0.01089796    0.05459700  0.01089884
  0.05457280  0.01090469   -0.19575462 -0.00378226   -0.05556629 -0.01039641
  0.05458237  0.01089367   -0.05557571 -0.01040431   -0.19573891 -0.00377469
    6    4
 -0.00146911 -0.19979559    0.01090010  0.05459517   -0.01090010 -0.05459517
  0.01091101  0.05458967   -0.00377021 -0.19573558    0.01040526  0.05557862
 -0.01091101 -0.05458967    0.01040526  0.05557862   -0.00377021 -0.19573558
    6    5
 -0.07011247 -0.07010378    0.00000209 -0.00000020   -0.00000068 -0.00000517
  0.00000209 -0.00000020   -0.06839309 -0.06836026   -0.03462983  0.03465787
  0.00000068  0.00000517    0.03462983 -0.03465787    0.05973120  0.05969827
    6    6
  0.97126546  0.00000000   -0.00001399  0.00000123    0.00001399 -0.00000123
 -0.00001399 -0.00000123    0.95495682  0.00000000    0.00007442  0.00000000
  0.00001399  0.00000123    0.00007442  0.00000000    0.95495682  0.00000000
    6    7
  0.11720736  0.00000000    0.00000171  0.00000110   -0.00000171 -0.00000110
 -0.00000171  0.00000110   -0.13334021  0.00000000   -0.00008521  0.00000000
  0.00000171 -0.00000110   -0.00008521  0.00000000   -0.13334021  0.00000000
    6    8
 -0.07011247 -0.07010378    0.00000068  0.00000517   -0.00000209  0.00000020
 -0.00000068 -0.00000517    0.05973120  0.05969827    0.03462983 -0.03465787
 -0.00000209  0.00000020   -0.03462983  0.03465787   -0.06839309 -0.06836026
    7    1
 -0.00146441 -0.19979862    0.01089721  0.05459058   -0.01089721 -0.05459058
  0.01089693  0.05460960   -0.00378400 -0.19574441    0.01039482  0.05556575
 -0.01089693 -0.05460960    0.01039482  0.05556575   -0.00378400 -0.19574441
    7    2
 -0.19980114 -0.00147204    0.05459700  0.01089884    0.05458912  0.01089796
  0.05458237  0.01089367   -0.19573891 -0.00377469   -0.05557571 -0.01040431
  0.05457280  0.01090469   -0.05556629 -0.01039641   -0.19575462 -0.00378226
    7    3
 -0.19980114 -0.00147204   -0.05458912 -0.01089796   -0.05459700 -0.01089884
 -0.05457280 -0.01090469   -0.19575462 -0.00378226   -0.05556629 -0.01039641
 -0.05458237 -0.01089367   -0.05557571 -0.01040431   -0.19573891 -0.00377469
    7    4
 -0.00146911 -0.19979559   -0.01090010 -0.05459517    0.01090010  0.05459517
 -0.01091101 -0.05458967   -0.00377021 -0.19573558    0.01040526  0.05557862
  0.01091101  0.05458967    0.01040526  0.05557862   -0.00377021 -0.19573558
    7    5
 -0.07011247 -0.07010378   -0.00000068 -0.00000517    0.00000209 -0.00000020
  0.00000068  0.00000517    0.05973120  0.05969827    0.03462983 -0.03465787
  0.00000209 -0.00000020   -0.03462983  0.03465787   -0.06839309 -0.06836026
    7    6
  0.11720736  0.00000000   -0.00000171 -0.00000110    0.00000171  0.00000110
  0.00000171 -0.00000110   -0.13334021  0.00000000   -0.00008521  0.00000000
 -0.00000171  0.00000110   -0.00008521  0.00000000   -0.13334021  0.00000000
    7    7
  0.97126546  0.00000000    0.00001399 -0.00000123   -0.00001399  0.00000123
  0.00001399  0.00000123    0.95495682  0.00000000    0.00007442  0.00000000
 -0.00001399 -0.00000123    0.00007442  0.00000000    0.95495682  0.00000000
    7    8
 -0.07011247 -0.07010378   -0.00000209  0.00000020    0.00000068  0.00000517
 -0.00000209  0.00000020   -0.06839309 -0.06836026   -0.03462983  0.03465787
 -0.00000068 -0.00000517    0.03462983 -0.03465787    0.05973120  0.05969827
    8    1
 -0.19979862 -0.00146441    0.05459058  0.01089721    0.05459058  0.01089721
  0.05460960  0.01089693   -0.19574441 -0.00378400   -0.05556575 -0.01039482
  0.05460960  0.01089693   -0.05556575 -0.01039482   -0.19574441 -0.00378400
    8    2
 -0.19980114  0.00147204    0.05459700 -0.01089884   -0.05458912  0.01089796
  0.05458237 -0.01089367   -0.19573891  0.00377469    0.05557571 -0.01040431
 -0.05457280  0.01090469    0.05556629 -0.01039641   -0.19575462  0.00378226
    8    3
 -0.19980114  0.00147204   -0.05458912  0.01089796    0.05459700 -0.01089884
 -0.05457280  0.01090469   -0.19575462  0.00378226    0.05556629 -0.01039641
  0.05458237 -0.01089367    0.05557571 -0.01040431   -0.19573891  0.00377469
    8    4
 -0.19979559 -0.00146911   -0.05459517 -0.01090010   -0.05459517 -0.01090010
 -0.05458967 -0.01091101   -0.19573558 -0.00377021   -0.05557862 -0.01040526
 -0.05458967 -0.01091101   -0.05557862 -0.01040526   -0.19573558 -0.00377021
    8    5
  0.11720736  0.00000000   -0.00000171  0.00000110   -0.00000171  0.00000110
  0.00000171  0.00000110   -0.13334021  0.00000000    0.00008521  0.00000000
  0.00000171  0.00000110    0.00008521  0.00000000   -0.13334021  0.00000000
    8    6
 -0.07011247  0.07010378   -0.00000068  0.00000517   -0.00000209 -0.00000020
  0.00000068 -0.00000517    0.05973120 -0.05969827   -0.03462983 -0.03465787
 -0.00000209 -0.00000020    0.03462983  0.03465787   -0.06839309  0.06836026
    8    7
 -0.07011247  0.07010378   -0.00000209 -0.00000020   -0.00000068  0.00000517
 -0.00000209 -0.00000020   -0.06839309  0.06836026    0.03462983  0.03465787
  0.00000068 -0.00000517   -0.03462983 -0.03465787    0.05973120 -0.05969827
    8    8
  0.97126546  0.00000000    0.00001399  0.00000123    0.00001399  0.00000123
  0.00001399 -0.00000123    0.95495682  0.00000000   -0.00007442  0.00000000
  0.00001399 -0.00000123   -0.00007442  0.00000000    0.95495682  0.00000000

     Dynamical  Matrix in cartesian axes

     q = (    0.000000000   0.250000000   0.000000000 ) 

    1    1
  0.95494430  0.00000000    0.00000000  0.00000000    0.00000000  0.00000000
  0.00000000  0.00000000    0.97128832  0.00000000    0.00000000  0.00000000
  0.00000000  0.00000000    0.00000000  0.00000000    0.95494430  0.00000000
    1    2
 -0.06837286  0.06837286    0.00000000  0.00000000   -0.03464422 -0.03464422
  0.00000000  0.00000000   -0.07014603  0.07014603    0.00000000  0.00000000
  0.03464748  0.03464748    0.00000000  0.00000000    0.05972433 -0.05972433
    1    3
 -0.13329621  0.00000000    0.00000000  0.00000000    0.00000000  0.00000004
  0.00000000  0.00000000    0.11723018  0.00000000    0.00000000  0.00000000
  0.00000000  0.00000004    0.00000000  0.00000000   -0.13329621  0.00000000
    1    4
  0.05972433 -0.05972433    0.00000000  0.00000000    0.03464748  0.03464748
  0.00000000  0.00000000   -0.07014603  0.07014603    0.00000000  0.00000000
 -0.03464422 -0.03464422    0.00000000  0.00000000   -0.06837286  0.06837286
    1    5
 -0.19574441  0.00378400   -0.05459058  0.01089721   -0.05556575  0.01039482
 -0.05460960  0.01089693   -0.19979862  0.00146441   -0.05460960  0.01089693
 -0.05556575  0.01039482   -0.05459058  0.01089721   -0.19574441  0.00378400
    1    6
 -0.00378400  0.19574441   -0.01089721  0.05459058    0.01039482 -0.05556575
 -0.01089693  0.05460960   -0.00146441  0.19979862    0.01089693 -0.05460960
  0.01039482 -0.05556575    0.01089721 -0.05459058   -0.00378400  0.19574441
    1    7
 -0.19574441  0.00378400    0.05459058 -0.01089721   -0.05556575  0.01039482
  0.05460960 -0.01089693   -0.19979862  0.00146441    0.05460960 -0.01089693
 -0.05556575  0.01039482    0.05459058 -0.01089721   -0.19574441  0.00378400
    1    8
 -0.00378400  0.19574441    0.01089721 -0.05459058    0.01039482 -0.05556575
  0.01089693 -0.05460960   -0.00146441  0.19979862   -0.01089693  0.05460960
  0.01039482 -0.05556575   -0.01089721  0.05459058   -0.00378400  0.19574441
    2    1
 -0.06837286 -0.06837286    0.00000000  0.00000000    0.03464748 -0.03464748
  0.00000000  0.00000000   -0.07014603 -0.07014603    0.00000000  0.00000000
 -0.03464422  0.03464422    0.00000000  0.00000000    0.05972433  0.05972433
    2    2
  0.95492058  0.00000000    0.00000000  0.00000000    0.00000000  0.00000029
  0.00000000  0.00000000    0.97125563  0.00000000    0.00000000  0.00000000
  0.00000000 -0.00000029    0.00000000  0.00000000    0.95494237  0.00000000
    2    3
  0.05972011  0.05972011    0.00000000  0.00000000   -0.03464683  0.03464683
  0.00000000  0.00000000   -0.07014581 -0.07014581    0.00000000  0.00000000
  0.03464355 -0.03464355    0.00000000  0.00000000   -0.06837288 -0.06837288
    2    4
 -0.13329429  0.00000000    0.00000000  0.00000000    0.00000000  0.00000000
  0.00000000  0.00000000    0.11723835  0.00000000    0.00000000  0.00000000
  0.00000000  0.00000000    0.00000000  0.00000000   -0.13329429  0.00000000
    2    5
 -0.19573891 -0.00377469   -0.05459700 -0.01089884    0.05556629  0.01039641
 -0.05458237 -0.01089367   -0.19980114 -0.00147204    0.05457280  0.01090469
  0.05557571  0.01040431    0.05458912  0.01089796   -0.19575462 -0.00378226
    2    6
 -0.19573891  0.00377469   -0.05459700  0.01089884   -0.05556629  0.01039641
 -0.05458237  0.01089367   -0.19980114  0.00147204   -0.05457280  0.01090469
 -0.05557571  0.01040431   -0.05458912  0.01089796   -0.19575462  0.00378226
    2    7
 -0.19573891 -0.00377469    0.05459700  0.01089884    0.05556629  0.01039641
  0.05458237  0.01089367   -0.19980114 -0.00147204   -0.05457280 -0.01090469
  0.05557571  0.01040431   -0.05458912 -0.01089796   -0.19575462 -0.00378226
    2    8
 -0.19573891  0.00377469    0.05459700 -0.01089884   -0.05556629  0.01039641
  0.05458237 -0.01089367   -0.19980114  0.00147204    0.05457280 -0.01090469
 -0.05557571  0.01040431    0.05458912 -0.01089796   -0.19575462  0.00378226
    3    1
 -0.13329621  0.00000000    0.00000000  0.00000000    0.00000000 -0.00000004
  0.00000000  0.00000000    0.11723018  0.00000000    0.00000000  0.00000000
  0.00000000 -0.00000004    0.00000000  0.00000000   -0.13329621  0.00000000
    3    2
  0.05972011 -0.05972011    0.00000000  0.00000000    0.03464355  0.03464355
  0.00000000  0.00000000   -0.07014581  0.07014581    0.00000000  0.00000000
 -0.03464683 -0.03464683    0.00000000  0.00000000   -0.06837288  0.06837288
    3    3
  0.95491209  0.00000000    0.00000000  0.00000000    0.00000000  0.00000000
  0.00000000  0.00000000    0.97129294  0.00000000    0.00000000  0.00000000
  0.00000000  0.00000000    0.00000000  0.00000000    0.95491209  0.00000000
    3    4
 -0.06837288  0.06837288    0.00000000  0.00000000   -0.03464683 -0.03464683
  0.00000000  0.00000000   -0.07014581  0.07014581    0.00000000  0.00000000
  0.03464355  0.03464355    0.00000000  0.00000000    0.05972011 -0.05972011
    3    5
 -0.19573558  0.00377021    0.05459517 -0.01090010   -0.05557862  0.01040526
  0.05458967 -0.01091101   -0.19979559  0.00146911    0.05458967 -0.01091101
 -0.05557862  0.01040526    0.05459517 -0.01090010   -0.19573558  0.00377021
    3    6
 -0.00377021  0.19573558    0.01090010 -0.05459517    0.01040526 -0.05557862
  0.01091101 -0.05458967   -0.00146911  0.19979559   -0.01091101  0.05458967
  0.01040526 -0.05557862   -0.01090010  0.05459517   -0.00377021  0.19573558
    3    7
 -0.19573558  0.00377021   -0.05459517  0.01090010   -0.05557862  0.01040526
 -0.05458967  0.01091101   -0.19979559  0.00146911   -0.05458967  0.01091101
 -0.05557862  0.01040526   -0.05459517  0.01090010   -0.19573558  0.00377021
    3    8
 -0.00377021  0.19573558   -0.01090010  0.05459517    0.01040526 -0.05557862
 -0.01091101  0.05458967   -0.00146911  0.19979559    0.01091101 -0.05458967
  0.01040526 -0.05557862    0.01090010 -0.05459517   -0.00377021  0.19573558
    4    1
  0.05972433  0.05972433    0.00000000  0.00000000   -0.03464422  0.03464422
  0.00000000  0.00000000   -0.07014603 -0.07014603    0.00000000  0.00000000
  0.03464748 -0.03464748    0.00000000  0.00000000   -0.06837286 -0.06837286
    4    2
 -0.13329429  0.00000000    0.00000000  0.00000000    0.00000000  0.00000000
  0.00000000  0.00000000    0.11723835  0.00000000    0.00000000  0.00000000
  0.00000000  0.00000000    0.00000000  0.00000000   -0.13329429  0.00000000
    4    3
 -0.06837288 -0.06837288    0.00000000  0.00000000    0.03464355 -0.03464355
  0.00000000  0.00000000   -0.07014581 -0.07014581    0.00000000  0.00000000
 -0.03464683  0.03464683    0.00000000  0.00000000    0.05972011  0.05972011
    4    4
  0.95494237  0.00000000    0.00000000  0.00000000    0.00000000 -0.00000029
  0.00000000  0.00000000    0.97125563  0.00000000    0.00000000  0.00000000
  0.00000000  0.00000029    0.00000000  0.00000000    0.95492058  0.00000000
    4    5
 -0.19575462 -0.00378226    0.05458912  0.01089796    0.05557571  0.01040431
  0.05457280  0.01090469   -0.19980114 -0.00147204   -0.05458237 -0.01089367
  0.05556629  0.01039641   -0.05459700 -0.01089884   -0.19573891 -0.00377469
    4    6
 -0.19575462  0.00378226    0.05458912 -0.01089796   -0.05557571  0.01040431
  0.05457280 -0.01090469   -0.19980114  0.00147204    0.05458237 -0.01089367
 -0.05556629  0.01039641    0.05459700 -0.01089884   -0.19573891  0.00377469
    4    7
 -0.19575462 -0.00378226   -0.05458912 -0.01089796    0.05557571  0.01040431
 -0.05457280 -0.01090469   -0.19980114 -0.00147204    0.05458237  0.01089367
  0.05556629  0.01039641    0.05459700  0.01089884   -0.19573891 -0.00377469
    4    8
 -0.19575462  0.00378226   -0.05458912  0.01089796   -0.05557571  0.01040431
 -0.05457280  0.01090469   -0.19980114  0.00147204   -0.05458237  0.01089367
 -0.05556629  0.01039641   -0.05459700  0.01089884   -0.19573891  0.00377469
    5    1
