Dynamical matrix file
                                                                           
  1    8  0  6.6490000  0.0000000  0.0000000  0.0000000  0.0000000  0.0000000
Basis vectors
      1.000000000    0.000000000    0.000000000
      0.000000000    1.000000000    0.000000000
      0.000000000    0.000000000    1.000000000
           1  'C   '    10947.083358978085     
    1    1      0.0000000000      0.0000000000      0.0000000000
    2    1      0.5000000000      0.5000000000      0.0000000000
    3    1      0.5000000000      0.0000000000      0.5000000000
    4    1      0.0000000000      0.5000000000      0.5000000000
    5    1      0.2500000000      0.2500000000      0.2500000000
    6    1      0.7500000000      0.7500000000      0.2500000000
    7    1      0.7500000000      0.2500000000      0.7500000000
    8    1      0.2500000000      0.7500000000      0.7500000000

     Dynamical  Matrix in cartesian axes

     q = (    0.000000000   0.000000000  -0.500000000 ) 

    1    1
  0.95023194  0.00000000    0.00000000  0.00000000    0.00000000  0.00000000
  0.00000000  0.00000000    0.95023194  0.00000000    0.00000000  0.00000000
  0.00000000  0.00000000    0.00000000  0.00000000    0.98141817  0.00000000
    1    2
 -0.12665059  0.00000000    0.00000000  0.00000000    0.00000000  0.00000000
  0.00000000  0.00000000   -0.12665059  0.00000000    0.00000000  0.00000000
  0.00000000  0.00000000    0.00000000  0.00000000    0.11199263  0.00000000
    1    3
 -0.00000000  0.00000000   -0.06649889  0.00000000    0.00000000  0.00000000
  0.06643101 -0.00000000    0.00000000 -0.00000000    0.00000000  0.00000000
  0.00000000  0.00000000    0.00000000  0.00000000   -0.00000000 -0.00000000
    1    4
  0.00000000 -0.00000000    0.06643101 -0.00000000    0.00000000  0.00000000
 -0.06649889  0.00000000   -0.00000000  0.00000000    0.00000000  0.00000000
  0.00000000  0.00000000    0.00000000  0.00000000   -0.00000000 -0.00000000
    1    5
 -0.19102666  0.00000000   -0.04665846  0.00000000   -0.04523215  0.00000000
 -0.04665846  0.00000000   -0.19102666  0.00000000   -0.04523215  0.00000000
 -0.04522284  0.00000000   -0.04522284  0.00000000   -0.19879191  0.00000000
    1    6
 -0.19102666  0.00000000   -0.04665846  0.00000000    0.04523215 -0.00000000
 -0.04665846  0.00000000   -0.19102666  0.00000000    0.04523215 -0.00000000
  0.04522284 -0.00000000    0.04522284 -0.00000000   -0.19879191  0.00000000
    1    7
  0.19102666 -0.00000000   -0.04665846  0.00000000    0.04523215 -0.00000000
 -0.04665846  0.00000000    0.19102666 -0.00000000   -0.04523215  0.00000000
  0.04522284 -0.00000000   -0.04522284  0.00000000    0.19879191 -0.00000000
    1    8
  0.19102666 -0.00000000   -0.04665846  0.00000000   -0.04523215  0.00000000
 -0.04665846  0.00000000    0.19102666 -0.00000000    0.04523215 -0.00000000
 -0.04522284  0.00000000    0.04522284 -0.00000000    0.19879191 -0.00000000
    2    1
 -0.12665059  0.00000000    0.00000000  0.00000000    0.00000000  0.00000000
  0.00000000  0.00000000   -0.12665059  0.00000000    0.00000000  0.00000000
  0.00000000  0.00000000    0.00000000  0.00000000    0.11199263  0.00000000
    2    2
  0.95020027  0.00000000    0.00000000  0.00000000    0.00000000  0.00000000
  0.00000000  0.00000000    0.95020027  0.00000000    0.00000000  0.00000000
  0.00000000  0.00000000    0.00000000  0.00000000    0.98142144  0.00000000
    2    3
  0.00000000 -0.00000000    0.06649878 -0.00000000    0.00000000  0.00000000
 -0.06643104  0.00000000   -0.00000000  0.00000000    0.00000000  0.00000000
  0.00000000  0.00000000    0.00000000  0.00000000    0.00000000 -0.00000000
    2    4
 -0.00000000  0.00000000   -0.06643104  0.00000000    0.00000000  0.00000000
  0.06649878 -0.00000000    0.00000000 -0.00000000    0.00000000  0.00000000
  0.00000000  0.00000000    0.00000000  0.00000000    0.00000000 -0.00000000
    2    5
 -0.19109880  0.00000000   -0.04654893  0.00000000    0.04523207 -0.00000000
 -0.04654893  0.00000000   -0.19109880  0.00000000    0.04523207 -0.00000000
  0.04520570 -0.00000000    0.04520570 -0.00000000   -0.19880241  0.00000000
    2    6
 -0.19109880  0.00000000   -0.04654893  0.00000000   -0.04523207  0.00000000
 -0.04654893  0.00000000   -0.19109880  0.00000000   -0.04523207  0.00000000
 -0.04520570  0.00000000   -0.04520570  0.00000000   -0.19880241  0.00000000
    2    7
  0.19109880 -0.00000000   -0.04654893  0.00000000   -0.04523207  0.00000000
 -0.04654893  0.00000000    0.19109880 -0.00000000    0.04523207 -0.00000000
 -0.04520570  0.00000000    0.04520570 -0.00000000    0.19880241 -0.00000000
    2    8
  0.19109880 -0.00000000   -0.04654893  0.00000000    0.04523207 -0.00000000
 -0.04654893  0.00000000    0.19109880 -0.00000000   -0.04523207  0.00000000
  0.04520570 -0.00000000   -0.04520570  0.00000000    0.19880241 -0.00000000
    3    1
 -0.00000000 -0.00000000    0.06643101  0.00000000    0.00000000  0.00000000
 -0.06649889 -0.00000000    0.00000000  0.00000000    0.00000000  0.00000000
  0.00000000  0.00000000    0.00000000  0.00000000   -0.00000000  0.00000000
    3    2
  0.00000000  0.00000000   -0.06643104 -0.00000000    0.00000000  0.00000000
  0.06649878  0.00000000   -0.00000000 -0.00000000    0.00000000  0.00000000
  0.00000000  0.00000000    0.00000000  0.00000000    0.00000000  0.00000000
    3    3
  0.95005297  0.00000000    0.00000000  0.00000000    0.00000000  0.00000000
  0.00000000  0.00000000    0.95012942  0.00000000    0.00000000  0.00000000
  0.00000000  0.00000000    0.00000000  0.00000000    0.98137623  0.00000000
    3    4
 -0.12655535  0.00000000    0.00000000  0.00000000    0.00000000  0.00000000
  0.00000000  0.00000000   -0.12655535  0.00000000    0.00000000  0.00000000
  0.00000000  0.00000000    0.00000000  0.00000000    0.11202502  0.00000000
    3    5
 -0.19100758  0.00000000    0.04653952  0.00000000   -0.04515446  0.00000000
  0.04665484  0.00000000   -0.19111815  0.00000000    0.04517998  0.00000000
 -0.04520324  0.00000000    0.04520482  0.00000000   -0.19882006  0.00000000
    3    6
 -0.19100758  0.00000000    0.04653952  0.00000000    0.04515446  0.00000000
  0.04665484  0.00000000   -0.19111815  0.00000000   -0.04517998  0.00000000
  0.04520324  0.00000000   -0.04520482  0.00000000   -0.19882006  0.00000000
    3    7
 -0.19100758  0.00000000   -0.04653952  0.00000000   -0.04515446  0.00000000
 -0.04665484  0.00000000   -0.19111815  0.00000000   -0.04517998  0.00000000
 -0.04520324  0.00000000   -0.04520482  0.00000000   -0.19882006  0.00000000
    3    8
 -0.19100758  0.00000000   -0.04653952  0.00000000    0.04515446  0.00000000
 -0.04665484  0.00000000   -0.19111815  0.00000000    0.04517998  0.00000000
  0.04520324  0.00000000    0.04520482  0.00000000   -0.19882006  0.00000000
    4    1
  0.00000000  0.00000000   -0.06649889 -0.00000000    0.00000000  0.00000000
  0.06643101  0.00000000   -0.00000000 -0.00000000    0.00000000  0.00000000
  0.00000000  0.00000000    0.00000000  0.00000000   -0.00000000  0.00000000
    4    2
 -0.00000000 -0.00000000    0.06649878  0.00000000    0.00000000  0.00000000
 -0.06643104 -0.00000000    0.00000000  0.00000000    0.00000000  0.00000000
  0.00000000  0.00000000    0.00000000  0.00000000    0.00000000  0.00000000
    4    3
 -0.12655535  0.00000000    0.00000000  0.00000000    0.00000000  0.00000000
  0.00000000  0.00000000   -0.12655535  0.00000000    0.00000000  0.00000000
  0.00000000  0.00000000    0.00000000  0.00000000    0.11202502  0.00000000
    4    4
  0.95012942  0.00000000    0.00000000  0.00000000    0.00000000  0.00000000
  0.00000000  0.00000000    0.95005297  0.00000000    0.00000000  0.00000000
  0.00000000  0.00000000    0.00000000  0.00000000    0.98137623  0.00000000
    4    5
 -0.19111815  0.00000000    0.04665484  0.00000000    0.04517998  0.00000000
  0.04653952  0.00000000   -0.19100758  0.00000000   -0.04515446  0.00000000
  0.04520482  0.00000000   -0.04520324  0.00000000   -0.19882006  0.00000000
    4    6
 -0.19111815  0.00000000    0.04665484  0.00000000   -0.04517998  0.00000000
  0.04653952  0.00000000   -0.19100758  0.00000000    0.04515446  0.00000000
 -0.04520482  0.00000000    0.04520324  0.00000000   -0.19882006  0.00000000
    4    7
 -0.19111815  0.00000000   -0.04665484  0.00000000    0.04517998  0.00000000
 -0.04653952  0.00000000   -0.19100758  0.00000000    0.04515446  0.00000000
  0.04520482  0.00000000    0.04520324  0.00000000   -0.19882006  0.00000000
    4    8
 -0.19111815  0.00000000   -0.04665484  0.00000000   -0.04517998  0.00000000
 -0.04653952  0.00000000   -0.19100758  0.00000000   -0.04515446  0.00000000
 -0.04520482  0.00000000   -0.04520324  0.00000000   -0.19882006  0.00000000
    5    1
 -0.19102666 -0.00000000   -0.04665846 -0.00000000   -0.04522284 -0.00000000
 -0.04665846 -0.00000000   -0.19102666 -0.00000000   -0.04522284 -0.00000000
 -0.04523215 -0.00000000   -0.04523215 -0.00000000   -0.19879191 -0.00000000
    5    2
 -0.19109880 -0.00000000   -0.04654893 -0.00000000    0.04520570  0.00000000
 -0.04654893 -0.00000000   -0.19109880 -0.00000000    0.04520570  0.00000000
  0.04523207  0.00000000    0.04523207  0.00000000   -0.19880241 -0.00000000
    5    3
 -0.19100758  0.00000000    0.04665484  0.00000000   -0.04520324  0.00000000
  0.04653952  0.00000000   -0.19111815  0.00000000    0.04520482  0.00000000
 -0.04515446  0.00000000    0.04517998  0.00000000   -0.19882006  0.00000000
    5    4
 -0.19111815  0.00000000    0.04653952  0.00000000    0.04520482  0.00000000
  0.04665484  0.00000000   -0.19100758  0.00000000   -0.04520324  0.00000000
  0.04517998  0.00000000   -0.04515446  0.00000000   -0.19882006  0.00000000
    5    5
  0.94965701  0.00000000    0.00000277  0.00000000   -0.00000433  0.00000000
  0.00000277  0.00000000    0.94965701  0.00000000   -0.00000433  0.00000000
 -0.00000433  0.00000000   -0.00000433  0.00000000    0.98136091  0.00000000
    5    6
 -0.12664908  0.00000000   -0.00000508  0.00000000   -0.00000223  0.00000000
 -0.00000508  0.00000000   -0.12664908  0.00000000   -0.00000223  0.00000000
  0.00000223  0.00000000    0.00000223  0.00000000    0.11198682  0.00000000
    5    7
 -0.00000327  0.00000000    0.06664492  0.00000000    0.00000501  0.00000000
 -0.06664492  0.00000000    0.00000698  0.00000000   -0.00000016  0.00000000
  0.00000501  0.00000000    0.00000016  0.00000000    0.00000481  0.00000000
    5    8
  0.00000698  0.00000000   -0.06664492  0.00000000   -0.00000016  0.00000000
  0.06664492  0.00000000   -0.00000327  0.00000000    0.00000501  0.00000000
  0.00000016  0.00000000    0.00000501  0.00000000    0.00000481  0.00000000
    6    1
 -0.19102666 -0.00000000   -0.04665846 -0.00000000    0.04522284  0.00000000
 -0.04665846 -0.00000000   -0.19102666 -0.00000000    0.04522284  0.00000000
  0.04523215  0.00000000    0.04523215  0.00000000   -0.19879191 -0.00000000
    6    2
 -0.19109880 -0.00000000   -0.04654893 -0.00000000   -0.04520570 -0.00000000
 -0.04654893 -0.00000000   -0.19109880 -0.00000000   -0.04520570 -0.00000000
 -0.04523207 -0.00000000   -0.04523207 -0.00000000   -0.19880241 -0.00000000
    6    3
 -0.19100758  0.00000000    0.04665484  0.00000000    0.04520324  0.00000000
  0.04653952  0.00000000   -0.19111815  0.00000000   -0.04520482  0.00000000
  0.04515446  0.00000000   -0.04517998  0.00000000   -0.19882006  0.00000000
    6    4
 -0.19111815  0.00000000    0.04653952  0.00000000   -0.04520482  0.00000000
  0.04665484  0.00000000   -0.19100758  0.00000000    0.04520324  0.00000000
 -0.04517998  0.00000000    0.04515446  0.00000000   -0.19882006  0.00000000
    6    5
 -0.12664908  0.00000000   -0.00000508  0.00000000    0.00000223  0.00000000
 -0.00000508  0.00000000   -0.12664908  0.00000000    0.00000223  0.00000000
 -0.00000223  0.00000000   -0.00000223  0.00000000    0.11198682  0.00000000
    6    6
  0.94965701  0.00000000    0.00000277  0.00000000    0.00000433  0.00000000
  0.00000277  0.00000000    0.94965701  0.00000000    0.00000433  0.00000000
  0.00000433  0.00000000    0.00000433  0.00000000    0.98136091  0.00000000
    6    7
  0.00000698  0.00000000   -0.06664492  0.00000000    0.00000016  0.00000000
  0.06664492  0.00000000   -0.00000327  0.00000000   -0.00000501  0.00000000
 -0.00000016  0.00000000   -0.00000501  0.00000000    0.00000481  0.00000000
    6    8
 -0.00000327  0.00000000    0.06664492  0.00000000   -0.00000501  0.00000000
 -0.06664492  0.00000000    0.00000698  0.00000000    0.00000016  0.00000000
 -0.00000501  0.00000000   -0.00000016  0.00000000    0.00000481  0.00000000
    7    1
  0.19102666  0.00000000   -0.04665846 -0.00000000    0.04522284  0.00000000
 -0.04665846 -0.00000000    0.19102666  0.00000000   -0.04522284 -0.00000000
  0.04523215  0.00000000   -0.04523215 -0.00000000    0.19879191  0.00000000
    7    2
  0.19109880  0.00000000   -0.04654893 -0.00000000   -0.04520570 -0.00000000
 -0.04654893 -0.00000000    0.19109880  0.00000000    0.04520570  0.00000000
 -0.04523207 -0.00000000    0.04523207  0.00000000    0.19880241  0.00000000
    7    3
 -0.19100758  0.00000000   -0.04665484  0.00000000   -0.04520324  0.00000000
 -0.04653952  0.00000000   -0.19111815  0.00000000   -0.04520482  0.00000000
 -0.04515446  0.00000000   -0.04517998  0.00000000   -0.19882006  0.00000000
    7    4
 -0.19111815  0.00000000   -0.04653952  0.00000000    0.04520482  0.00000000
 -0.04665484  0.00000000   -0.19100758  0.00000000    0.04520324  0.00000000
  0.04517998  0.00000000    0.04515446  0.00000000   -0.19882006  0.00000000
    7    5
 -0.00000327  0.00000000   -0.06664492  0.00000000    0.00000501  0.00000000
  0.06664492  0.00000000    0.00000698  0.00000000    0.00000016  0.00000000
  0.00000501  0.00000000   -0.00000016  0.00000000    0.00000481  0.00000000
    7    6
  0.00000698  0.00000000    0.06664492  0.00000000   -0.00000016  0.00000000
 -0.06664492  0.00000000   -0.00000327  0.00000000   -0.00000501  0.00000000
  0.00000016  0.00000000   -0.00000501  0.00000000    0.00000481  0.00000000
    7    7
  0.94965701  0.00000000   -0.00000277  0.00000000   -0.00000433  0.00000000
 -0.00000277  0.00000000    0.94965701  0.00000000    0.00000433  0.00000000
 -0.00000433  0.00000000    0.00000433  0.00000000    0.98136091  0.00000000
    7    8
 -0.12664908  0.00000000    0.00000508  0.00000000   -0.00000223  0.00000000
  0.00000508  0.00000000   -0.12664908  0.00000000    0.00000223  0.00000000
  0.00000223  0.00000000   -0.00000223  0.00000000    0.11198682  0.00000000
    8    1
  0.19102666  0.00000000   -0.04665846 -0.00000000   -0.04522284 -0.00000000
 -0.04665846 -0.00000000    0.19102666  0.00000000    0.04522284  0.00000000
 -0.04523215 -0.00000000    0.04523215  0.00000000    0.19879191  0.00000000
    8    2
  0.19109880  0.00000000   -0.04654893 -0.00000000    0.04520570  0.00000000
 -0.04654893 -0.00000000    0.19109880  0.00000000   -0.04520570 -0.00000000
  0.04523207  0.00000000   -0.04523207 -0.00000000    0.19880241  0.00000000
    8    3
 -0.19100758  0.00000000   -0.04665484  0.00000000    0.04520324  0.00000000
 -0.04653952  0.00000000   -0.19111815  0.00000000    0.04520482  0.00000000
  0.04515446  0.00000000    0.04517998  0.00000000   -0.19882006  0.00000000
    8    4
 -0.19111815  0.00000000   -0.04653952  0.00000000   -0.04520482  0.00000000
 -0.04665484  0.00000000   -0.19100758  0.00000000   -0.04520324  0.00000000
 -0.04517998  0.00000000   -0.04515446  0.00000000   -0.19882006  0.00000000
    8    5
  0.00000698  0.00000000    0.06664492  0.00000000    0.00000016  0.00000000
 -0.06664492  0.00000000   -0.00000327  0.00000000    0.00000501  0.00000000
 -0.00000016  0.00000000    0.00000501  0.00000000    0.00000481  0.00000000
    8    6
 -0.00000327  0.00000000   -0.06664492  0.00000000   -0.00000501  0.00000000
  0.06664492  0.00000000    0.00000698  0.00000000   -0.00000016  0.00000000
 -0.00000501  0.00000000    0.00000016  0.00000000    0.00000481  0.00000000
    8    7
 -0.12664908  0.00000000    0.00000508  0.00000000    0.00000223  0.00000000
  0.00000508  0.00000000   -0.12664908  0.00000000   -0.00000223  0.00000000
 -0.00000223  0.00000000    0.00000223  0.00000000    0.11198682  0.00000000
    8    8
  0.94965701  0.00000000   -0.00000277  0.00000000    0.00000433  0.00000000
 -0.00000277  0.00000000    0.94965701  0.00000000   -0.00000433  0.00000000
  0.00000433  0.00000000   -0.00000433  0.00000000    0.98136091  0.00000000

     Dynamical  Matrix in cartesian axes

     q = (   -0.500000000   0.000000000   0.000000000 ) 

    1    1
  0.98141817  0.00000000    0.00000000  0.00000000    0.00000000  0.00000000
  0.00000000  0.00000000    0.95023194  0.00000000    0.00000000  0.00000000
  0.00000000  0.00000000    0.00000000  0.00000000    0.95023194  0.00000000
    1    2
  0.00000000 -0.00000000    0.00000000  0.00000000    0.00000000  0.00000000
  0.00000000  0.00000000    0.00000000  0.00000000   -0.06649889  0.00000000
  0.00000000  0.00000000    0.06643101 -0.00000000    0.00000000 -0.00000000
    1    3
  0.00000000 -0.00000000    0.00000000  0.00000000    0.00000000  0.00000000
  0.00000000  0.00000000    0.00000000 -0.00000000    0.06643101 -0.00000000
  0.00000000  0.00000000   -0.06649889  0.00000000    0.00000000  0.00000000
    1    4
  0.11199263  0.00000000    0.00000000  0.00000000    0.00000000  0.00000000
  0.00000000  0.00000000   -0.12665059  0.00000000    0.00000000  0.00000000
  0.00000000  0.00000000    0.00000000  0.00000000   -0.12665059  0.00000000
    1    5
 -0.19879191  0.00000000   -0.04522284  0.00000000   -0.04522284  0.00000000
 -0.04523215  0.00000000   -0.19102666  0.00000000   -0.04665846  0.00000000
 -0.04523215  0.00000000   -0.04665846  0.00000000   -0.19102666  0.00000000
    1    6
  0.19879191 -0.00000000    0.04522284 -0.00000000   -0.04522284  0.00000000
  0.04523215 -0.00000000    0.19102666 -0.00000000   -0.04665846  0.00000000
 -0.04523215  0.00000000   -0.04665846  0.00000000    0.19102666 -0.00000000
    1    7
  0.19879191 -0.00000000   -0.04522284  0.00000000    0.04522284 -0.00000000
 -0.04523215  0.00000000    0.19102666 -0.00000000   -0.04665846  0.00000000
  0.04523215 -0.00000000   -0.04665846  0.00000000    0.19102666 -0.00000000
    1    8
 -0.19879191  0.00000000    0.04522284 -0.00000000    0.04522284 -0.00000000
  0.04523215 -0.00000000   -0.19102666  0.00000000   -0.04665846  0.00000000
  0.04523215 -0.00000000   -0.04665846  0.00000000   -0.19102666  0.00000000
    2    1
  0.00000000  0.00000000    0.00000000  0.00000000    0.00000000  0.00000000
  0.00000000  0.00000000    0.00000000 -0.00000000    0.06643101  0.00000000
  0.00000000  0.00000000   -0.06649889 -0.00000000    0.00000000  0.00000000
    2    2
  0.98137623  0.00000000    0.00000000  0.00000000    0.00000000  0.00000000
  0.00000000  0.00000000    0.95005297  0.00000000    0.00000000  0.00000000
  0.00000000  0.00000000    0.00000000  0.00000000    0.95012942  0.00000000
    2    3
  0.11202502  0.00000000    0.00000000  0.00000000    0.00000000  0.00000000
  0.00000000  0.00000000   -0.12655535  0.00000000    0.00000000  0.00000000
  0.00000000  0.00000000    0.00000000  0.00000000   -0.12655535  0.00000000
    2    4
  0.00000000  0.00000000    0.00000000  0.00000000    0.00000000  0.00000000
  0.00000000  0.00000000    0.00000000  0.00000000   -0.06643104 -0.00000000
  0.00000000  0.00000000    0.06649878  0.00000000    0.00000000 -0.00000000
    2    5
 -0.19882006  0.00000000   -0.04520324  0.00000000    0.04520482  0.00000000
 -0.04515446  0.00000000   -0.19100758  0.00000000    0.04653952  0.00000000
  0.04517998  0.00000000    0.04665484  0.00000000   -0.19111815  0.00000000
    2    6
 -0.19882006  0.00000000   -0.04520324  0.00000000   -0.04520482  0.00000000
 -0.04515446  0.00000000   -0.19100758  0.00000000   -0.04653952  0.00000000
 -0.04517998  0.00000000   -0.04665484  0.00000000   -0.19111815  0.00000000
    2    7
 -0.19882006  0.00000000    0.04520324  0.00000000    0.04520482  0.00000000
  0.04515446  0.00000000   -0.19100758  0.00000000   -0.04653952  0.00000000
  0.04517998  0.00000000   -0.04665484  0.00000000   -0.19111815  0.00000000
    2    8
 -0.19882006  0.00000000    0.04520324  0.00000000   -0.04520482  0.00000000
  0.04515446  0.00000000   -0.19100758  0.00000000    0.04653952  0.00000000
 -0.04517998  0.00000000    0.04665484  0.00000000   -0.19111815  0.00000000
    3    1
  0.00000000  0.00000000    0.00000000  0.00000000    0.00000000  0.00000000
  0.00000000  0.00000000    0.00000000  0.00000000   -0.06649889 -0.00000000
  0.00000000  0.00000000    0.06643101  0.00000000    0.00000000 -0.00000000
    3    2
  0.11202502  0.00000000    0.00000000  0.00000000    0.00000000  0.00000000
  0.00000000  0.00000000   -0.12655535  0.00000000    0.00000000  0.00000000
  0.00000000  0.00000000    0.00000000  0.00000000   -0.12655535  0.00000000
    3    3
  0.98137623  0.00000000    0.00000000  0.00000000    0.00000000  0.00000000
  0.00000000  0.00000000    0.95012942  0.00000000    0.00000000  0.00000000
  0.00000000  0.00000000    0.00000000  0.00000000    0.95005297  0.00000000
    3    4
  0.00000000  0.00000000    0.00000000  0.00000000    0.00000000  0.00000000
  0.00000000  0.00000000    0.00000000 -0.00000000    0.06649878  0.00000000
  0.00000000  0.00000000   -0.06643104 -0.00000000    0.00000000  0.00000000
    3    5
 -0.19882006  0.00000000    0.04520482  0.00000000   -0.04520324  0.00000000
  0.04517998  0.00000000   -0.19111815  0.00000000    0.04665484  0.00000000
 -0.04515446  0.00000000    0.04653952  0.00000000   -0.19100758  0.00000000
    3    6
 -0.19882006  0.00000000    0.04520482  0.00000000    0.04520324  0.00000000
  0.04517998  0.00000000   -0.19111815  0.00000000   -0.04665484  0.00000000
  0.04515446  0.00000000   -0.04653952  0.00000000   -0.19100758  0.00000000
    3    7
 -0.19882006  0.00000000   -0.04520482  0.00000000   -0.04520324  0.00000000
 -0.04517998  0.00000000   -0.19111815  0.00000000   -0.04665484  0.00000000
 -0.04515446  0.00000000   -0.04653952  0.00000000   -0.19100758  0.00000000
    3    8
 -0.19882006  0.00000000   -0.04520482  0.00000000    0.04520324  0.00000000
 -0.04517998  0.00000000   -0.19111815  0.00000000    0.04665484  0.00000000
  0.04515446  0.00000000    0.04653952  0.00000000   -0.19100758  0.00000000
    4    1
  0.11199263  0.00000000    0.00000000  0.00000000    0.00000000  0.00000000
  0.00000000  0.00000000   -0.12665059  0.00000000    0.00000000  0.00000000
  0.00000000  0.00000000    0.00000000  0.00000000   -0.12665059  0.00000000
    4    2
  0.00000000 -0.00000000    0.00000000  0.00000000    0.00000000  0.00000000
  0.00000000  0.00000000    0.00000000 -0.00000000    0.06649878 -0.00000000
  0.00000000  0.00000000   -0.06643104  0.00000000    0.00000000  0.00000000
    4    3
  0.00000000 -0.00000000    0.00000000  0.00000000    0.00000000  0.00000000
  0.00000000  0.00000000    0.00000000  0.00000000   -0.06643104  0.00000000
  0.00000000  0.00000000    0.06649878 -0.00000000    0.00000000 -0.00000000
    4    4
  0.98142144  0.00000000    0.00000000  0.00000000    0.00000000  0.00000000
  0.00000000  0.00000000    0.95020027  0.00000000    0.00000000  0.00000000
  0.00000000  0.00000000    0.00000000  0.00000000    0.95020027  0.00000000
    4    5
 -0.19880241  0.00000000    0.04520570 -0.00000000    0.04520570 -0.00000000
  0.04523207 -0.00000000   -0.19109880  0.00000000   -0.04654893  0.00000000
  0.04523207 -0.00000000   -0.04654893  0.00000000   -0.19109880  0.00000000
    4    6
  0.19880241 -0.00000000   -0.04520570  0.00000000    0.04520570 -0.00000000
 -0.04523207  0.00000000    0.19109880 -0.00000000   -0.04654893  0.00000000
  0.04523207 -0.00000000   -0.04654893  0.00000000    0.19109880 -0.00000000
    4    7
  0.19880241 -0.00000000    0.04520570 -0.00000000   -0.04520570  0.00000000
  0.04523207 -0.00000000    0.19109880 -0.00000000   -0.04654893  0.00000000
 -0.04523207  0.00000000   -0.04654893  0.00000000    0.19109880 -0.00000000
    4    8
 -0.19880241  0.00000000   -0.04520570  0.00000000   -0.04520570  0.00000000
 -0.04523207  0.00000000   -0.19109880  0.00000000   -0.04654893  0.00000000
 -0.04523207  0.00000000   -0.04654893  0.00000000   -0.19109880  0.00000000
    5    1
 -0.19879191 -0.00000000   -0.04523215 -0.00000000   -0.04523215 -0.00000000
 -0.04522284 -0.00000000   -0.19102666 -0.00000000   -0.04665846 -0.00000000
 -0.04522284 -0.00000000   -0.04665846 -0.00000000   -0.19102666 -0.00000000
    5    2
 -0.19882006  0.00000000   -0.04515446  0.00000000    0.04517998  0.00000000
 -0.04520324  0.00000000   -0.19100758  0.00000000    0.04665484  0.00000000
  0.04520482  0.00000000    0.04653952  0.00000000   -0.19111815  0.00000000
    5    3
 -0.19882006  0.00000000    0.04517998  0.00000000   -0.04515446  0.00000000
  0.04520482  0.00000000   -0.19111815  0.00000000    0.04653952  0.00000000
 -0.04520324  0.00000000    0.04665484  0.00000000   -0.19100758  0.00000000
    5    4
 -0.19880241 -0.00000000    0.04523207  0.00000000    0.04523207  0.00000000
  0.04520570  0.00000000   -0.19109880 -0.00000000   -0.04654893 -0.00000000
  0.04520570  0.00000000   -0.04654893 -0.00000000   -0.19109880 -0.00000000
    5    5
  0.98136091  0.00000000   -0.00000433  0.00000000   -0.00000433  0.00000000
 -0.00000433  0.00000000    0.94965701  0.00000000    0.00000277  0.00000000
 -0.00000433  0.00000000    0.00000277  0.00000000    0.94965701  0.00000000
    5    6
  0.00000481  0.00000000    0.00000501  0.00000000    0.00000016  0.00000000
  0.00000501  0.00000000   -0.00000327  0.00000000    0.06664492  0.00000000
 -0.00000016  0.00000000   -0.06664492  0.00000000    0.00000698  0.00000000
    5    7
  0.00000481  0.00000000    0.00000016  0.00000000    0.00000501  0.00000000
 -0.00000016  0.00000000    0.00000698  0.00000000   -0.06664492  0.00000000
  0.00000501  0.00000000    0.06664492  0.00000000   -0.00000327  0.00000000
    5    8
  0.11198682  0.00000000    0.00000223  0.00000000    0.00000223  0.00000000
 -0.00000223  0.00000000   -0.12664908  0.00000000   -0.00000508  0.00000000
 -0.00000223  0.00000000   -0.00000508  0.00000000   -0.12664908  0.00000000
    6    1
  0.19879191  0.00000000    0.04523215  0.00000000   -0.04523215 -0.00000000
  0.04522284  0.00000000    0.19102666  0.00000000   -0.04665846 -0.00000000
 -0.04522284 -0.00000000   -0.04665846 -0.00000000    0.19102666  0.00000000
    6    2
 -0.19882006  0.00000000   -0.04515446  0.00000000   -0.04517998  0.00000000
 -0.04520324  0.00000000   -0.19100758  0.00000000   -0.04665484  0.00000000
 -0.04520482  0.00000000   -0.04653952  0.00000000   -0.19111815  0.00000000
    6    3
 -0.19882006  0.00000000    0.04517998  0.00000000    0.04515446  0.00000000
  0.04520482  0.00000000   -0.19111815  0.00000000   -0.04653952  0.00000000
  0.04520324  0.00000000   -0.04665484  0.00000000   -0.19100758  0.00000000
    6    4
  0.19880241  0.00000000   -0.04523207 -0.00000000    0.04523207  0.00000000
 -0.04520570 -0.00000000    0.19109880  0.00000000   -0.04654893 -0.00000000
  0.04520570  0.00000000   -0.04654893 -0.00000000    0.19109880  0.00000000
    6    5
  0.00000481  0.00000000    0.00000501  0.00000000   -0.00000016  0.00000000
  0.00000501  0.00000000   -0.00000327  0.00000000   -0.06664492  0.00000000
  0.00000016  0.00000000    0.06664492  0.00000000    0.00000698  0.00000000
    6    6
  0.98136091  0.00000000   -0.00000433  0.00000000    0.00000433  0.00000000
 -0.00000433  0.00000000    0.94965701  0.00000000   -0.00000277  0.00000000
  0.00000433  0.00000000   -0.00000277  0.00000000    0.94965701  0.00000000
    6    7
  0.11198682  0.00000000    0.00000223  0.00000000   -0.00000223  0.00000000
 -0.00000223  0.00000000   -0.12664908  0.00000000    0.00000508  0.00000000
  0.00000223  0.00000000    0.00000508  0.00000000   -0.12664908  0.00000000
    6    8
  0.00000481  0.00000000    0.00000016  0.00000000   -0.00000501  0.00000000
 -0.00000016  0.00000000    0.00000698  0.00000000    0.06664492  0.00000000
 -0.00000501  0.00000000   -0.06664492  0.00000000   -0.00000327  0.00000000
    7    1
  0.19879191  0.00000000   -0.04523215 -0.00000000    0.04523215  0.00000000
 -0.04522284 -0.00000000    0.19102666  0.00000000   -0.04665846 -0.00000000
  0.04522284  0.00000000   -0.04665846 -0.00000000    0.19102666  0.00000000
    7    2
 -0.19882006  0.00000000    0.04515446  0.00000000    0.04517998  0.00000000
  0.04520324  0.00000000   -0.19100758  0.00000000   -0.04665484  0.00000000
  0.04520482  0.00000000   -0.04653952  0.00000000   -0.19111815  0.00000000
    7    3
 -0.19882006  0.00000000   -0.04517998  0.00000000   -0.04515446  0.00000000
 -0.04520482  0.00000000   -0.19111815  0.00000000   -0.04653952  0.00000000
 -0.04520324  0.00000000   -0.04665484  0.00000000   -0.19100758  0.00000000
    7    4
  0.19880241  0.00000000    0.04523207  0.00000000   -0.04523207 -0.00000000
  0.04520570  0.00000000    0.19109880  0.00000000   -0.04654893 -0.00000000
 -0.04520570 -0.00000000   -0.04654893 -0.00000000    0.19109880  0.00000000
    7    5
  0.00000481  0.00000000   -0.00000016  0.00000000    0.00000501  0.00000000
  0.00000016  0.00000000    0.00000698  0.00000000    0.06664492  0.00000000
  0.00000501  0.00000000   -0.06664492  0.00000000   -0.00000327  0.00000000
    7    6
  0.11198682  0.00000000   -0.00000223  0.00000000    0.00000223  0.00000000
  0.00000223  0.00000000   -0.12664908  0.00000000    0.00000508  0.00000000
 -0.00000223  0.00000000    0.00000508  0.00000000   -0.12664908  0.00000000
    7    7
  0.98136091  0.00000000    0.00000433  0.00000000   -0.00000433  0.00000000
  0.00000433  0.00000000    0.94965701  0.00000000   -0.00000277  0.00000000
 -0.00000433  0.00000000   -0.00000277  0.00000000    0.94965701  0.00000000
    7    8
  0.00000481  0.00000000   -0.00000501  0.00000000    0.00000016  0.00000000
 -0.00000501  0.00000000   -0.00000327  0.00000000   -0.06664492  0.00000000
 -0.00000016  0.00000000    0.06664492  0.00000000    0.00000698  0.00000000
    8    1
 -0.19879191 -0.00000000    0.04523215  0.00000000    0.04523215  0.00000000
  0.04522284  0.00000000   -0.19102666 -0.00000000   -0.04665846 -0.00000000
  0.04522284  0.00000000   -0.04665846 -0.00000000   -0.19102666 -0.00000000
    8    2
 -0.19882006  0.00000000    0.04515446  0.00000000   -0.04517998  0.00000000
  0.04520324  0.00000000   -0.19100758  0.00000000    0.04665484  0.00000000
 -0.04520482  0.00000000    0.04653952  0.00000000   -0.19111815  0.00000000
    8    3
 -0.19882006  0.00000000   -0.04517998  0.00000000    0.04515446  0.00000000
 -0.04520482  0.00000000   -0.19111815  0.00000000    0.04653952  0.00000000
  0.04520324  0.00000000    0.04665484  0.00000000   -0.19100758  0.00000000
    8    4
 -0.19880241 -0.00000000   -0.04523207 -0.00000000   -0.04523207 -0.00000000
 -0.04520570 -0.00000000   -0.19109880 -0.00000000   -0.04654893 -0.00000000
 -0.04520570 -0.00000000   -0.04654893 -0.00000000   -0.19109880 -0.00000000
    8    5
  0.11198682  0.00000000   -0.00000223  0.00000000   -0.00000223  0.00000000
  0.00000223  0.00000000   -0.12664908  0.00000000   -0.00000508  0.00000000
  0.00000223  0.00000000   -0.00000508  0.00000000   -0.12664908  0.00000000
    8    6
  0.00000481  0.00000000   -0.00000016  0.00000000   -0.00000501  0.00000000
  0.00000016  0.00000000    0.00000698  0.00000000   -0.06664492  0.00000000
 -0.00000501  0.00000000    0.06664492  0.00000000   -0.00000327  0.00000000
    8    7
  0.00000481  0.00000000   -0.00000501  0.00000000   -0.00000016  0.00000000
 -0.00000501  0.00000000   -0.00000327  0.00000000    0.06664492  0.00000000
  0.00000016  0.00000000   -0.06664492  0.00000000    0.00000698  0.00000000
    8    8
  0.98136091  0.00000000    0.00000433  0.00000000    0.00000433  0.00000000
  0.00000433  0.00000000    0.94965701  0.00000000    0.00000277  0.00000000
  0.00000433  0.00000000    0.00000277  0.00000000    0.94965701  0.00000000

     Dynamical  Matrix in cartesian axes

     q = (    0.000000000  -0.500000000   0.000000000 ) 

    1    1
  0.95023194  0.00000000    0.00000000  0.00000000    0.00000000  0.00000000
  0.00000000  0.00000000    0.98141817  0.00000000    0.00000000  0.00000000
  0.00000000  0.00000000    0.00000000  0.00000000    0.95023194  0.00000000
    1    2
  0.00000000  0.00000000    0.00000000  0.00000000   -0.06649889  0.00000000
  0.00000000  0.00000000    0.00000000 -0.00000000    0.00000000  0.00000000
  0.06643101 -0.00000000    0.00000000  0.00000000    0.00000000 -0.00000000
    1    3
 -0.12665059  0.00000000    0.00000000  0.00000000    0.00000000  0.00000000
  0.00000000  0.00000000    0.11199263  0.00000000    0.00000000  0.00000000
  0.00000000  0.00000000    0.00000000  0.00000000   -0.12665059  0.00000000
    1    4
  0.00000000 -0.00000000    0.00000000  0.00000000    0.06643101 -0.00000000
  0.00000000  0.00000000    0.00000000 -0.00000000    0.00000000  0.00000000
 -0.06649889  0.00000000    0.00000000  0.00000000    0.00000000  0.00000000
    1    5
 -0.19102666  0.00000000   -0.04523215  0.00000000   -0.04665846  0.00000000
 -0.04522284  0.00000000   -0.19879191  0.00000000   -0.04522284  0.00000000
 -0.04665846  0.00000000   -0.04523215  0.00000000   -0.19102666  0.00000000
    1    6
  0.19102666 -0.00000000    0.04523215 -0.00000000   -0.04665846  0.00000000
  0.04522284 -0.00000000    0.19879191 -0.00000000   -0.04522284  0.00000000
 -0.04665846  0.00000000   -0.04523215  0.00000000    0.19102666 -0.00000000
    1    7
 -0.19102666  0.00000000    0.04523215 -0.00000000   -0.04665846  0.00000000
  0.04522284 -0.00000000   -0.19879191  0.00000000    0.04522284 -0.00000000
 -0.04665846  0.00000000    0.04523215 -0.00000000   -0.19102666  0.00000000
    1    8
  0.19102666 -0.00000000   -0.04523215  0.00000000   -0.04665846  0.00000000
 -0.04522284  0.00000000    0.19879191 -0.00000000    0.04522284 -0.00000000
 -0.04665846  0.00000000    0.04523215 -0.00000000    0.19102666 -0.00000000
    2    1
  0.00000000 -0.00000000    0.00000000  0.00000000    0.06643101  0.00000000
  0.00000000  0.00000000    0.00000000  0.00000000    0.00000000  0.00000000
 -0.06649889 -0.00000000    0.00000000  0.00000000    0.00000000  0.00000000
    2    2
  0.95005297  0.00000000    0.00000000  0.00000000    0.00000000  0.00000000
  0.00000000  0.00000000    0.98137623  0.00000000    0.00000000  0.00000000
  0.00000000  0.00000000    0.00000000  0.00000000    0.95012942  0.00000000
    2    3
  0.00000000  0.00000000    0.00000000  0.00000000   -0.06643104 -0.00000000
  0.00000000  0.00000000    0.00000000  0.00000000    0.00000000  0.00000000
  0.06649878  0.00000000    0.00000000  0.00000000    0.00000000 -0.00000000
    2    4
 -0.12655535  0.00000000    0.00000000  0.00000000    0.00000000  0.00000000
  0.00000000  0.00000000    0.11202502  0.00000000    0.00000000  0.00000000
  0.00000000  0.00000000    0.00000000  0.00000000   -0.12655535  0.00000000
    2    5
 -0.19100758  0.00000000   -0.04515446  0.00000000    0.04653952  0.00000000
 -0.04520324  0.00000000   -0.19882006  0.00000000    0.04520482  0.00000000
  0.04665484  0.00000000    0.04517998  0.00000000   -0.19111815  0.00000000
    2    6
 -0.19100758  0.00000000   -0.04515446  0.00000000   -0.04653952  0.00000000
 -0.04520324  0.00000000   -0.19882006  0.00000000   -0.04520482  0.00000000
 -0.04665484  0.00000000   -0.04517998  0.00000000   -0.19111815  0.00000000
    2    7
 -0.19100758  0.00000000    0.04515446  0.00000000    0.04653952  0.00000000
  0.04520324  0.00000000   -0.19882006  0.00000000   -0.04520482  0.00000000
  0.04665484  0.00000000   -0.04517998  0.00000000   -0.19111815  0.00000000
    2    8
 -0.19100758  0.00000000    0.04515446  0.00000000   -0.04653952  0.00000000
  0.04520324  0.00000000   -0.19882006  0.00000000    0.04520482  0.00000000
 -0.04665484  0.00000000    0.04517998  0.00000000   -0.19111815  0.00000000
    3    1
 -0.12665059  0.00000000    0.00000000  0.00000000    0.00000000  0.00000000
  0.00000000  0.00000000    0.11199263  0.00000000    0.00000000  0.00000000
  0.00000000  0.00000000    0.00000000  0.00000000   -0.12665059  0.00000000
    3    2
  0.00000000 -0.00000000    0.00000000  0.00000000    0.06649878 -0.00000000
  0.00000000  0.00000000    0.00000000 -0.00000000    0.00000000  0.00000000
 -0.06643104  0.00000000    0.00000000  0.00000000    0.00000000  0.00000000
    3    3
  0.95020027  0.00000000    0.00000000  0.00000000    0.00000000  0.00000000
  0.00000000  0.00000000    0.98142144  0.00000000    0.00000000  0.00000000
  0.00000000  0.00000000    0.00000000  0.00000000    0.95020027  0.00000000
    3    4
  0.00000000  0.00000000    0.00000000  0.00000000   -0.06643104  0.00000000
  0.00000000  0.00000000    0.00000000 -0.00000000    0.00000000  0.00000000
  0.06649878 -0.00000000    0.00000000  0.00000000    0.00000000 -0.00000000
    3    5
 -0.19109880  0.00000000    0.04523207 -0.00000000   -0.04654893  0.00000000
  0.04520570 -0.00000000   -0.19880241  0.00000000    0.04520570 -0.00000000
 -0.04654893  0.00000000    0.04523207 -0.00000000   -0.19109880  0.00000000
    3    6
  0.19109880 -0.00000000   -0.04523207  0.00000000   -0.04654893  0.00000000
 -0.04520570  0.00000000    0.19880241 -0.00000000    0.04520570 -0.00000000
 -0.04654893  0.00000000    0.04523207 -0.00000000    0.19109880 -0.00000000
    3    7
 -0.19109880  0.00000000   -0.04523207  0.00000000   -0.04654893  0.00000000
 -0.04520570  0.00000000   -0.19880241  0.00000000   -0.04520570  0.00000000
 -0.04654893  0.00000000   -0.04523207  0.00000000   -0.19109880  0.00000000
    3    8
  0.19109880 -0.00000000    0.04523207 -0.00000000   -0.04654893  0.00000000
  0.04520570 -0.00000000    0.19880241 -0.00000000   -0.04520570  0.00000000
 -0.04654893  0.00000000   -0.04523207  0.00000000    0.19109880 -0.00000000
    4    1
  0.00000000  0.00000000    0.00000000  0.00000000   -0.06649889 -0.00000000
  0.00000000  0.00000000    0.00000000  0.00000000    0.00000000  0.00000000
  0.06643101  0.00000000    0.00000000  0.00000000    0.00000000 -0.00000000
    4    2
 -0.12655535  0.00000000    0.00000000  0.00000000    0.00000000  0.00000000
  0.00000000  0.00000000    0.11202502  0.00000000    0.00000000  0.00000000
  0.00000000  0.00000000    0.00000000  0.00000000   -0.12655535  0.00000000
    4    3
  0.00000000 -0.00000000    0.00000000  0.00000000    0.06649878  0.00000000
  0.00000000  0.00000000    0.00000000  0.00000000    0.00000000  0.00000000
 -0.06643104 -0.00000000    0.00000000  0.00000000    0.00000000  0.00000000
    4    4
  0.95012942  0.00000000    0.00000000  0.00000000    0.00000000  0.00000000
  0.00000000  0.00000000    0.98137623  0.00000000    0.00000000  0.00000000
  0.00000000  0.00000000    0.00000000  0.00000000    0.95005297  0.00000000
    4    5
 -0.19111815  0.00000000    0.04517998  0.00000000    0.04665484  0.00000000
  0.04520482  0.00000000   -0.19882006  0.00000000   -0.04520324  0.00000000
  0.04653952  0.00000000   -0.04515446  0.00000000   -0.19100758  0.00000000
    4    6
 -0.19111815  0.00000000    0.04517998  0.00000000   -0.04665484  0.00000000
  0.04520482  0.00000000   -0.19882006  0.00000000    0.04520324  0.00000000
 -0.04653952  0.00000000    0.04515446  0.00000000   -0.19100758  0.00000000
    4    7
 -0.19111815  0.00000000   -0.04517998  0.00000000    0.04665484  0.00000000
 -0.04520482  0.00000000   -0.19882006  0.00000000    0.04520324  0.00000000
  0.04653952  0.00000000    0.04515446  0.00000000   -0.19100758  0.00000000
    4    8
 -0.19111815  0.00000000   -0.04517998  0.00000000   -0.04665484  0.00000000
 -0.04520482  0.00000000   -0.19882006  0.00000000   -0.04520324  0.00000000
 -0.04653952  0.00000000   -0.04515446  0.00000000   -0.19100758  0.00000000
    5    1
