Dynamical matrix file
                                                                           
  1    8  0  6.6490000  0.0000000  0.0000000  0.0000000  0.0000000  0.0000000
Basis vectors
      1.000000000    0.000000000    0.000000000
      0.000000000    1.000000000    0.000000000
      0.000000000    0.000000000    1.000000000
           1  'C   '    10947.083358978085     
    1    1      0.0000000000      0.0000000000      0.0000000000
    2    1      0.5000000000      0.5000000000      0.0000000000
    3    1      0.5000000000      0.0000000000      0.5000000000
    4    1      0.0000000000      0.5000000000      0.5000000000
    5    1      0.2500000000      0.2500000000      0.2500000000
    6    1      0.7500000000      0.7500000000      0.2500000000
    7    1      0.7500000000      0.2500000000      0.7500000000
    8    1      0.2500000000      0.7500000000      0.7500000000

     Dynamical  Matrix in cartesian axes

     q = (   -0.500000000  -0.500000000  -0.500000000 ) 

    1    1
  0.97798286  0.00000000   -0.00000000  0.00000000    0.00000000  0.00000000
 -0.00000000  0.00000000    0.97798286  0.00000000   -0.00000000  0.00000000
  0.00000000  0.00000000   -0.00000000  0.00000000    0.97798286  0.00000000
    1    2
  0.00000000  0.00000000   -0.14410645  0.00000000   -0.00000000  0.00000000
 -0.14410645  0.00000000    0.00000000  0.00000000   -0.00000000  0.00000000
  0.00000000  0.00000000    0.00000000  0.00000000    0.00000000  0.00000000
    1    3
  0.00000000  0.00000000    0.00000000  0.00000000   -0.14410645  0.00000000
  0.00000000  0.00000000    0.00000000  0.00000000    0.00000000  0.00000000
 -0.14410645  0.00000000   -0.00000000  0.00000000    0.00000000  0.00000000
    1    4
 -0.00000000  0.00000000   -0.00000000  0.00000000    0.00000000  0.00000000
  0.00000000  0.00000000   -0.00000000  0.00000000   -0.14410645  0.00000000
 -0.00000000  0.00000000   -0.14410645  0.00000000   -0.00000000  0.00000000
    1    5
 -0.21889888  0.00000000   -0.05699607  0.00000000   -0.05699607  0.00000000
 -0.05699607  0.00000000   -0.21889888  0.00000000   -0.05699607  0.00000000
 -0.05699607  0.00000000   -0.05699607  0.00000000   -0.21889888  0.00000000
    1    6
 -0.21889888  0.00000000   -0.05699607  0.00000000    0.05699607 -0.00000000
 -0.05699607  0.00000000   -0.21889888  0.00000000    0.05699607 -0.00000000
  0.05699607 -0.00000000    0.05699607 -0.00000000   -0.21889888  0.00000000
    1    7
 -0.21889888  0.00000000    0.05699607 -0.00000000   -0.05699607  0.00000000
  0.05699607 -0.00000000   -0.21889888  0.00000000    0.05699607 -0.00000000
 -0.05699607  0.00000000    0.05699607 -0.00000000   -0.21889888  0.00000000
    1    8
 -0.21889888  0.00000000    0.05699607 -0.00000000    0.05699607 -0.00000000
  0.05699607 -0.00000000   -0.21889888  0.00000000   -0.05699607  0.00000000
  0.05699607 -0.00000000   -0.05699607  0.00000000   -0.21889888  0.00000000
    2    1
  0.00000000  0.00000000   -0.14410645 -0.00000000    0.00000000 -0.00000000
 -0.14410645 -0.00000000    0.00000000  0.00000000    0.00000000 -0.00000000
 -0.00000000 -0.00000000   -0.00000000 -0.00000000    0.00000000  0.00000000
    2    2
  0.97787456  0.00000000    0.00000000  0.00000000    0.00000000  0.00000000
  0.00000000  0.00000000    0.97787456  0.00000000    0.00000000  0.00000000
  0.00000000  0.00000000    0.00000000  0.00000000    0.97778328  0.00000000
    2    3
  0.00000000  0.00000000   -0.00000000  0.00000000    0.00000000 -0.00000000
  0.00000000  0.00000000   -0.00000000  0.00000000    0.14414607  0.00000000
  0.00000000 -0.00000000    0.14401865  0.00000000    0.00000000  0.00000000
    2    4
 -0.00000000  0.00000000    0.00000000  0.00000000    0.14414607  0.00000000
  0.00000000  0.00000000    0.00000000  0.00000000    0.00000000 -0.00000000
  0.14401865  0.00000000    0.00000000 -0.00000000    0.00000000  0.00000000
    2    5
 -0.21890914  0.00000000   -0.05700187  0.00000000    0.05698330 -0.00000000
 -0.05700187  0.00000000   -0.21890914  0.00000000    0.05698330 -0.00000000
  0.05701716 -0.00000000    0.05701716 -0.00000000   -0.21887485  0.00000000
    2    6
 -0.21890914  0.00000000   -0.05700187  0.00000000   -0.05698330  0.00000000
 -0.05700187  0.00000000   -0.21890914  0.00000000   -0.05698330  0.00000000
 -0.05701716  0.00000000   -0.05701716  0.00000000   -0.21887485  0.00000000
    2    7
  0.21890914 -0.00000000   -0.05700187  0.00000000   -0.05698330  0.00000000
 -0.05700187  0.00000000    0.21890914 -0.00000000    0.05698330 -0.00000000
 -0.05701716  0.00000000    0.05701716 -0.00000000    0.21887485 -0.00000000
    2    8
  0.21890914 -0.00000000   -0.05700187  0.00000000    0.05698330 -0.00000000
 -0.05700187  0.00000000    0.21890914 -0.00000000   -0.05698330  0.00000000
  0.05701716 -0.00000000   -0.05701716  0.00000000    0.21887485 -0.00000000
    3    1
  0.00000000 -0.00000000    0.00000000 -0.00000000   -0.14410645 -0.00000000
  0.00000000 -0.00000000    0.00000000  0.00000000   -0.00000000 -0.00000000
 -0.14410645 -0.00000000    0.00000000 -0.00000000    0.00000000 -0.00000000
    3    2
  0.00000000  0.00000000    0.00000000 -0.00000000    0.00000000  0.00000000
  0.00000000 -0.00000000    0.00000000  0.00000000    0.14401865  0.00000000
  0.00000000  0.00000000    0.14414607  0.00000000   -0.00000000  0.00000000
    3    3
  0.97787456  0.00000000   -0.00000000  0.00000000    0.00000000  0.00000000
 -0.00000000  0.00000000    0.97778328  0.00000000    0.00000000  0.00000000
  0.00000000  0.00000000    0.00000000  0.00000000    0.97787456  0.00000000
    3    4
 -0.00000000  0.00000000    0.14414607  0.00000000    0.00000000  0.00000000
  0.14401865  0.00000000    0.00000000  0.00000000    0.00000000 -0.00000000
  0.00000000  0.00000000    0.00000000 -0.00000000    0.00000000  0.00000000
    3    5
 -0.21890914  0.00000000    0.05698330 -0.00000000   -0.05700187  0.00000000
  0.05701716 -0.00000000   -0.21887485  0.00000000    0.05701716 -0.00000000
 -0.05700187  0.00000000    0.05698330 -0.00000000   -0.21890914  0.00000000
    3    6
  0.21890914 -0.00000000   -0.05698330  0.00000000   -0.05700187  0.00000000
 -0.05701716  0.00000000    0.21887485 -0.00000000    0.05701716 -0.00000000
 -0.05700187  0.00000000    0.05698330 -0.00000000    0.21890914 -0.00000000
    3    7
 -0.21890914  0.00000000   -0.05698330  0.00000000   -0.05700187  0.00000000
 -0.05701716  0.00000000   -0.21887485  0.00000000   -0.05701716  0.00000000
 -0.05700187  0.00000000   -0.05698330  0.00000000   -0.21890914  0.00000000
    3    8
  0.21890914 -0.00000000    0.05698330 -0.00000000   -0.05700187  0.00000000
  0.05701716 -0.00000000    0.21887485 -0.00000000   -0.05701716  0.00000000
 -0.05700187  0.00000000   -0.05698330  0.00000000    0.21890914 -0.00000000
    4    1
 -0.00000000  0.00000000    0.00000000 -0.00000000   -0.00000000 -0.00000000
 -0.00000000 -0.00000000   -0.00000000 -0.00000000   -0.14410645 -0.00000000
  0.00000000 -0.00000000   -0.14410645 -0.00000000   -0.00000000 -0.00000000
    4    2
  0.00000000  0.00000000    0.00000000 -0.00000000    0.14401865  0.00000000
 -0.00000000 -0.00000000    0.00000000  0.00000000    0.00000000  0.00000000
  0.14414607  0.00000000    0.00000000  0.00000000    0.00000000  0.00000000
    4    3
  0.00000000  0.00000000    0.14401865  0.00000000    0.00000000 -0.00000000
  0.14414607  0.00000000    0.00000000  0.00000000    0.00000000  0.00000000
  0.00000000 -0.00000000    0.00000000  0.00000000   -0.00000000  0.00000000
    4    4
  0.97778328  0.00000000   -0.00000000  0.00000000    0.00000000  0.00000000
 -0.00000000  0.00000000    0.97787456  0.00000000    0.00000000  0.00000000
  0.00000000  0.00000000    0.00000000  0.00000000    0.97787456  0.00000000
    4    5
 -0.21887485  0.00000000    0.05701716 -0.00000000    0.05701716 -0.00000000
  0.05698330 -0.00000000   -0.21890914  0.00000000   -0.05700187  0.00000000
  0.05698330 -0.00000000   -0.05700187  0.00000000   -0.21890914  0.00000000
    4    6
  0.21887485 -0.00000000   -0.05701716  0.00000000    0.05701716 -0.00000000
 -0.05698330  0.00000000    0.21890914 -0.00000000   -0.05700187  0.00000000
  0.05698330 -0.00000000   -0.05700187  0.00000000    0.21890914 -0.00000000
    4    7
  0.21887485 -0.00000000    0.05701716 -0.00000000   -0.05701716  0.00000000
  0.05698330 -0.00000000    0.21890914 -0.00000000   -0.05700187  0.00000000
 -0.05698330  0.00000000   -0.05700187  0.00000000    0.21890914 -0.00000000
    4    8
 -0.21887485  0.00000000   -0.05701716  0.00000000   -0.05701716  0.00000000
 -0.05698330  0.00000000   -0.21890914  0.00000000   -0.05700187  0.00000000
 -0.05698330  0.00000000   -0.05700187  0.00000000   -0.21890914  0.00000000
    5    1
 -0.21889888 -0.00000000   -0.05699607 -0.00000000   -0.05699607 -0.00000000
 -0.05699607 -0.00000000   -0.21889888 -0.00000000   -0.05699607 -0.00000000
 -0.05699607 -0.00000000   -0.05699607 -0.00000000   -0.21889888 -0.00000000
    5    2
 -0.21890914 -0.00000000   -0.05700187 -0.00000000    0.05701716  0.00000000
 -0.05700187 -0.00000000   -0.21890914 -0.00000000    0.05701716  0.00000000
  0.05698330  0.00000000    0.05698330  0.00000000   -0.21887485 -0.00000000
    5    3
 -0.21890914 -0.00000000    0.05701716  0.00000000   -0.05700187 -0.00000000
  0.05698330  0.00000000   -0.21887485 -0.00000000    0.05698330  0.00000000
 -0.05700187 -0.00000000    0.05701716  0.00000000   -0.21890914 -0.00000000
    5    4
 -0.21887485 -0.00000000    0.05698330  0.00000000    0.05698330  0.00000000
  0.05701716  0.00000000   -0.21890914 -0.00000000   -0.05700187 -0.00000000
  0.05701716  0.00000000   -0.05700187 -0.00000000   -0.21890914 -0.00000000
    5    5
  0.97786929  0.00000000   -0.00001715  0.00000000   -0.00001715  0.00000000
 -0.00001715  0.00000000    0.97786929  0.00000000   -0.00001715  0.00000000
 -0.00001715  0.00000000   -0.00001715  0.00000000    0.97786929  0.00000000
    5    6
  0.00005440  0.00000000   -0.14409437  0.00000000   -0.00002957  0.00000000
 -0.14409437  0.00000000    0.00005440  0.00000000   -0.00002957  0.00000000
  0.00002957  0.00000000    0.00002957  0.00000000   -0.00000495  0.00000000
    5    7
  0.00005440  0.00000000   -0.00002957  0.00000000   -0.14409437  0.00000000
  0.00002957  0.00000000   -0.00000495  0.00000000    0.00002957  0.00000000
 -0.14409437  0.00000000   -0.00002957  0.00000000    0.00005440  0.00000000
    5    8
 -0.00000495  0.00000000    0.00002957  0.00000000    0.00002957  0.00000000
 -0.00002957  0.00000000    0.00005440  0.00000000   -0.14409437  0.00000000
 -0.00002957  0.00000000   -0.14409437  0.00000000    0.00005440  0.00000000
    6    1
 -0.21889888 -0.00000000   -0.05699607 -0.00000000    0.05699607  0.00000000
 -0.05699607 -0.00000000   -0.21889888 -0.00000000    0.05699607  0.00000000
  0.05699607  0.00000000    0.05699607  0.00000000   -0.21889888 -0.00000000
    6    2
 -0.21890914 -0.00000000   -0.05700187 -0.00000000   -0.05701716 -0.00000000
 -0.05700187 -0.00000000   -0.21890914 -0.00000000   -0.05701716 -0.00000000
 -0.05698330 -0.00000000   -0.05698330 -0.00000000   -0.21887485 -0.00000000
    6    3
  0.21890914  0.00000000   -0.05701716 -0.00000000   -0.05700187 -0.00000000
 -0.05698330 -0.00000000    0.21887485  0.00000000    0.05698330  0.00000000
 -0.05700187 -0.00000000    0.05701716  0.00000000    0.21890914  0.00000000
    6    4
  0.21887485  0.00000000   -0.05698330 -0.00000000    0.05698330  0.00000000
 -0.05701716 -0.00000000    0.21890914  0.00000000   -0.05700187 -0.00000000
  0.05701716  0.00000000   -0.05700187 -0.00000000    0.21890914  0.00000000
    6    5
  0.00005440  0.00000000   -0.14409437  0.00000000    0.00002957  0.00000000
 -0.14409437  0.00000000    0.00005440  0.00000000    0.00002957  0.00000000
 -0.00002957  0.00000000   -0.00002957  0.00000000   -0.00000495  0.00000000
    6    6
  0.97786929  0.00000000   -0.00001715  0.00000000    0.00001715  0.00000000
 -0.00001715  0.00000000    0.97786929  0.00000000    0.00001715  0.00000000
  0.00001715  0.00000000    0.00001715  0.00000000    0.97786929  0.00000000
    6    7
 -0.00000495  0.00000000    0.00002957  0.00000000   -0.00002957  0.00000000
 -0.00002957  0.00000000    0.00005440  0.00000000    0.14409437  0.00000000
  0.00002957  0.00000000    0.14409437  0.00000000    0.00005440  0.00000000
    6    8
  0.00005440  0.00000000   -0.00002957  0.00000000    0.14409437  0.00000000
  0.00002957  0.00000000   -0.00000495  0.00000000   -0.00002957  0.00000000
  0.14409437  0.00000000    0.00002957  0.00000000    0.00005440  0.00000000
    7    1
 -0.21889888 -0.00000000    0.05699607  0.00000000   -0.05699607 -0.00000000
  0.05699607  0.00000000   -0.21889888 -0.00000000    0.05699607  0.00000000
 -0.05699607 -0.00000000    0.05699607  0.00000000   -0.21889888 -0.00000000
    7    2
  0.21890914  0.00000000   -0.05700187 -0.00000000   -0.05701716 -0.00000000
 -0.05700187 -0.00000000    0.21890914  0.00000000    0.05701716  0.00000000
 -0.05698330 -0.00000000    0.05698330  0.00000000    0.21887485  0.00000000
    7    3
 -0.21890914 -0.00000000   -0.05701716 -0.00000000   -0.05700187 -0.00000000
 -0.05698330 -0.00000000   -0.21887485 -0.00000000   -0.05698330 -0.00000000
 -0.05700187 -0.00000000   -0.05701716 -0.00000000   -0.21890914 -0.00000000
    7    4
  0.21887485  0.00000000    0.05698330  0.00000000   -0.05698330 -0.00000000
  0.05701716  0.00000000    0.21890914  0.00000000   -0.05700187 -0.00000000
 -0.05701716 -0.00000000   -0.05700187 -0.00000000    0.21890914  0.00000000
    7    5
  0.00005440  0.00000000    0.00002957  0.00000000   -0.14409437  0.00000000
 -0.00002957  0.00000000   -0.00000495  0.00000000   -0.00002957  0.00000000
 -0.14409437  0.00000000    0.00002957  0.00000000    0.00005440  0.00000000
    7    6
 -0.00000495  0.00000000   -0.00002957  0.00000000    0.00002957  0.00000000
  0.00002957  0.00000000    0.00005440  0.00000000    0.14409437  0.00000000
 -0.00002957  0.00000000    0.14409437  0.00000000    0.00005440  0.00000000
    7    7
  0.97786929  0.00000000    0.00001715  0.00000000   -0.00001715  0.00000000
  0.00001715  0.00000000    0.97786929  0.00000000    0.00001715  0.00000000
 -0.00001715  0.00000000    0.00001715  0.00000000    0.97786929  0.00000000
    7    8
  0.00005440  0.00000000    0.14409437  0.00000000   -0.00002957  0.00000000
  0.14409437  0.00000000    0.00005440  0.00000000    0.00002957  0.00000000
  0.00002957  0.00000000   -0.00002957  0.00000000   -0.00000495  0.00000000
    8    1
 -0.21889888 -0.00000000    0.05699607  0.00000000    0.05699607  0.00000000
  0.05699607  0.00000000   -0.21889888 -0.00000000   -0.05699607 -0.00000000
  0.05699607  0.00000000   -0.05699607 -0.00000000   -0.21889888 -0.00000000
    8    2
  0.21890914  0.00000000   -0.05700187 -0.00000000    0.05701716  0.00000000
 -0.05700187 -0.00000000    0.21890914  0.00000000   -0.05701716 -0.00000000
  0.05698330  0.00000000   -0.05698330 -0.00000000    0.21887485  0.00000000
    8    3
  0.21890914  0.00000000    0.05701716  0.00000000   -0.05700187 -0.00000000
  0.05698330  0.00000000    0.21887485  0.00000000   -0.05698330 -0.00000000
 -0.05700187 -0.00000000   -0.05701716 -0.00000000    0.21890914  0.00000000
    8    4
 -0.21887485 -0.00000000   -0.05698330 -0.00000000   -0.05698330 -0.00000000
 -0.05701716 -0.00000000   -0.21890914 -0.00000000   -0.05700187 -0.00000000
 -0.05701716 -0.00000000   -0.05700187 -0.00000000   -0.21890914 -0.00000000
    8    5
 -0.00000495  0.00000000   -0.00002957  0.00000000   -0.00002957  0.00000000
  0.00002957  0.00000000    0.00005440  0.00000000   -0.14409437  0.00000000
  0.00002957  0.00000000   -0.14409437  0.00000000    0.00005440  0.00000000
    8    6
  0.00005440  0.00000000    0.00002957  0.00000000    0.14409437  0.00000000
 -0.00002957  0.00000000   -0.00000495  0.00000000    0.00002957  0.00000000
  0.14409437  0.00000000   -0.00002957  0.00000000    0.00005440  0.00000000
    8    7
  0.00005440  0.00000000    0.14409437  0.00000000    0.00002957  0.00000000
  0.14409437  0.00000000    0.00005440  0.00000000   -0.00002957  0.00000000
 -0.00002957  0.00000000    0.00002957  0.00000000   -0.00000495  0.00000000
    8    8
  0.97786929  0.00000000    0.00001715  0.00000000    0.00001715  0.00000000
  0.00001715  0.00000000    0.97786929  0.00000000   -0.00001715  0.00000000
  0.00001715  0.00000000   -0.00001715  0.00000000    0.97786929  0.00000000

     Diagonalizing the dynamical matrix

     q = (   -0.500000000  -0.500000000  -0.500000000 ) 

 **************************************************************************
     freq (    1) =      16.695928 [THz] =     556.916225 [cm-1]
 ( -0.000000  0.000000  0.000000  0.000000  0.000000  0.000000 ) 
 (  0.342627  0.000000 -0.359322  0.000000 -0.000000  0.000000 ) 
 (  0.059133  0.000000  0.000000  0.000000  0.359322  0.000000 ) 
 (  0.000000  0.000000 -0.059133  0.000000 -0.342627  0.000000 ) 
 (  0.200878  0.000000 -0.209226  0.000000  0.008348  0.000000 ) 
 (  0.141746  0.000000 -0.150093  0.000000 -0.008348  0.000000 ) 
 ( -0.141746  0.000000  0.209226  0.000000  0.350971  0.000000 ) 
 ( -0.200878  0.000000  0.150093  0.000000 -0.350971  0.000000 ) 
     freq (    2) =      16.695928 [THz] =     556.916225 [cm-1]
 ( -0.000000  0.000000 -0.000000  0.000000  0.000000  0.000000 ) 
 ( -0.329774  0.000000 -0.340599  0.000000 -0.000000  0.000000 ) 
 ( -0.158883  0.000000  0.000000  0.000000  0.340599  0.000000 ) 
 ( -0.000000  0.000000  0.158883  0.000000  0.329774  0.000000 ) 
 ( -0.244326  0.000000 -0.090857  0.000000  0.335184  0.000000 ) 
 ( -0.085445  0.000000 -0.249738  0.000000 -0.335184  0.000000 ) 
 (  0.085445  0.000000  0.090857  0.000000  0.005412  0.000000 ) 
 (  0.244326  0.000000  0.249738  0.000000 -0.005412  0.000000 ) 
     freq (    3) =      16.695928 [THz] =     556.916225 [cm-1]
 ( -0.000000  0.000000  0.000000  0.000000 -0.000000  0.000000 ) 
 (  0.154461  0.000000  0.069874  0.000000 -0.000000  0.000000 ) 
 ( -0.470385  0.000000 -0.000000  0.000000 -0.069874  0.000000 ) 
 (  0.000000  0.000000  0.470385  0.000000 -0.154461  0.000000 ) 
 ( -0.157961  0.000000  0.270127  0.000000 -0.112166  0.000000 ) 
 (  0.312420  0.000000 -0.200254  0.000000  0.112166  0.000000 ) 
 ( -0.312420  0.000000 -0.270127  0.000000  0.042293  0.000000 ) 
 (  0.157961  0.000000  0.200254  0.000000 -0.042293  0.000000 ) 
     freq (    4) =      16.696483 [THz] =     556.934721 [cm-1]
 (  0.000000  0.000000 -0.000000  0.000000 -0.000000  0.000000 ) 
 ( -0.000000  0.000000  0.000000  0.000000 -0.573091  0.000000 ) 
 ( -0.000000  0.000000  0.347116  0.000000 -0.000000  0.000000 ) 
 (  0.225975  0.000000 -0.000000  0.000000  0.000000  0.000000 ) 
 (  0.112990  0.000000  0.173562  0.000000 -0.286553  0.000000 ) 
 ( -0.112990  0.000000 -0.173562  0.000000 -0.286553  0.000000 ) 
 ( -0.112990  0.000000  0.173562  0.000000  0.286553  0.000000 ) 
 (  0.112990  0.000000 -0.173562  0.000000  0.286553  0.000000 ) 
     freq (    5) =      16.696483 [THz] =     556.934721 [cm-1]
 (  0.000000  0.000000 -0.000000  0.000000  0.000000  0.000000 ) 
 ( -0.000000  0.000000 -0.000000  0.000000 -0.069940  0.000000 ) 
 (  0.000000  0.000000 -0.461341  0.000000  0.000000  0.000000 ) 
 (  0.531282  0.000000  0.000000  0.000000 -0.000000  0.000000 ) 
 (  0.265647  0.000000 -0.230676  0.000000 -0.034971  0.000000 ) 
 ( -0.265647  0.000000  0.230676  0.000000 -0.034971  0.000000 ) 
 ( -0.265647  0.000000 -0.230676  0.000000  0.034971  0.000000 ) 
 (  0.265647  0.000000  0.230676  0.000000  0.034971  0.000000 ) 
     freq (    6) =      16.698413 [THz] =     556.999099 [cm-1]
 ( -0.244608  0.000000  0.294861  0.000000  0.431873  0.000000 ) 
 (  0.147456  0.000000 -0.122325  0.000000 -0.000000  0.000000 ) 
 (  0.215973  0.000000  0.000000  0.000000 -0.122325  0.000000 ) 
 (  0.000000  0.000000  0.215973  0.000000  0.147456  0.000000 ) 
 (  0.059408  0.000000  0.194258  0.000000  0.228507  0.000000 ) 
 ( -0.156566  0.000000 -0.021715  0.000000  0.203376  0.000000 ) 
 ( -0.088048  0.000000  0.100610  0.000000  0.081051  0.000000 ) 
 ( -0.304021  0.000000  0.316583  0.000000  0.350832  0.000000 ) 
     freq (    7) =      16.698413 [THz] =     556.999099 [cm-1]
 (  0.453808  0.000000 -0.117215  0.000000  0.337060  0.000000 ) 
 ( -0.058618  0.000000  0.226943  0.000000 -0.000000  0.000000 ) 
 (  0.168559  0.000000  0.000000  0.000000  0.226943  0.000000 ) 
 ( -0.000000  0.000000  0.168559  0.000000 -0.058618  0.000000 ) 
 (  0.281880  0.000000  0.139142  0.000000  0.252696  0.000000 ) 
 (  0.113321  0.000000 -0.029417  0.000000  0.084372  0.000000 ) 
 (  0.340497  0.000000 -0.256360  0.000000  0.311314  0.000000 ) 
 (  0.171938  0.000000 -0.087801  0.000000  0.025754  0.000000 ) 
     freq (    8) =      16.698413 [THz] =     556.999099 [cm-1]
 ( -0.259838  0.000000 -0.482294  0.000000  0.182117  0.000000 ) 
 ( -0.241189  0.000000 -0.129941  0.000000 -0.000000  0.000000 ) 
 (  0.091074  0.000000  0.000000  0.000000 -0.129941  0.000000 ) 
 (  0.000000  0.000000  0.091074  0.000000 -0.241189  0.000000 ) 
 ( -0.204979  0.000000 -0.260586  0.000000 -0.094504  0.000000 ) 
 ( -0.296053  0.000000 -0.351660  0.000000  0.276625  0.000000 ) 
 (  0.036209  0.000000 -0.221719  0.000000  0.146684  0.000000 ) 
 ( -0.054865  0.000000 -0.130645  0.000000  0.035437  0.000000 ) 
     freq (    9) =      32.313463 [THz] =    1077.861093 [cm-1]
 ( -0.000000  0.000000  0.000000  0.000000 -0.000000  0.000000 ) 
 ( -0.000000  0.000000  0.000000  0.000000 -0.408234  0.000000 ) 
 (  0.000000  0.000000 -0.408234  0.000000  0.000000  0.000000 ) 
 ( -0.408234  0.000000  0.000000  0.000000 -0.000000  0.000000 ) 
 ( -0.204131  0.000000 -0.204131  0.000000 -0.204131  0.000000 ) 
 (  0.204131  0.000000  0.204131  0.000000 -0.204131  0.000000 ) 
 (  0.204131  0.000000 -0.204131  0.000000  0.204131  0.000000 ) 
 ( -0.204131  0.000000  0.204131  0.000000  0.204131  0.000000 ) 
     freq (   10) =      32.316321 [THz] =    1077.956442 [cm-1]
 ( -0.268078  0.000000  0.038729  0.000000  0.305530  0.000000 ) 
 ( -0.038721  0.000000  0.268019  0.000000  0.000000  0.000000 ) 
 ( -0.305463  0.000000  0.000000  0.000000  0.268019  0.000000 ) 
 (  0.000000  0.000000 -0.305463  0.000000 -0.038721  0.000000 ) 
 ( -0.306129  0.000000  0.000641  0.000000  0.267408  0.000000 ) 
 ( -0.000652  0.000000  0.306118  0.000000  0.038099  0.000000 ) 
 ( -0.267407  0.000000  0.038086  0.000000  0.306131  0.000000 ) 
 (  0.038071  0.000000 -0.267392  0.000000 -0.000624  0.000000 ) 
     freq (   11) =      32.316321 [THz] =    1077.956442 [cm-1]
 (  0.254635  0.000000  0.255718  0.000000  0.191007  0.000000 ) 
 ( -0.255662  0.000000 -0.254579  0.000000 -0.000000  0.000000 ) 
 ( -0.190965  0.000000 -0.000000  0.000000 -0.254579  0.000000 ) 
 ( -0.000000  0.000000 -0.190965  0.000000 -0.255662  0.000000 ) 
 ( -0.096016  0.000000 -0.094933  0.000000 -0.159636  0.000000 ) 
 (  0.094958  0.000000  0.096041  0.000000  0.350629  0.000000 ) 
 (  0.159658  0.000000  0.350632  0.000000  0.096038  0.000000 ) 
 (  0.350632  0.000000  0.159658  0.000000  0.094955  0.000000 ) 
     freq (   12) =      32.316321 [THz] =    1077.956442 [cm-1]
 ( -0.173232  0.000000  0.315947  0.000000 -0.192048  0.000000 ) 
 ( -0.315878  0.000000  0.173194  0.000000  0.000000  0.000000 ) 
 (  0.192005  0.000000  0.000000  0.000000  0.173194  0.000000 ) 
 (  0.000000  0.000000  0.192005  0.000000 -0.315878  0.000000 ) 
 ( -0.148549  0.000000  0.340571  0.000000 -0.167362  0.000000 ) 
 ( -0.340564  0.000000  0.148556  0.000000 -0.024672  0.000000 ) 
 (  0.167344  0.000000 -0.024647  0.000000  0.148531  0.000000 ) 
 ( -0.024671  0.000000  0.167368  0.000000 -0.340564  0.000000 ) 
     freq (   13) =      37.011094 [THz] =    1234.557199 [cm-1]
 ( -0.000000  0.000000 -0.000000  0.000000 -0.000000  0.000000 ) 
 ( -0.339942  0.000000 -0.339770  0.000000  0.000000  0.000000 ) 
 ( -0.137817  0.000000  0.000000  0.000000  0.339770  0.000000 ) 
 ( -0.000000  0.000000  0.137817  0.000000  0.339942  0.000000 ) 
 (  0.238881  0.000000  0.100978  0.000000 -0.339859  0.000000 ) 
 (  0.101064  0.000000  0.238795  0.000000  0.339859  0.000000 ) 
 ( -0.101064  0.000000 -0.100978  0.000000  0.000086  0.000000 ) 
 ( -0.238881  0.000000 -0.238795  0.000000 -0.000086  0.000000 ) 
     freq (   14) =      37.011094 [THz] =    1234.557199 [cm-1]
 ( -0.000000  0.000000 -0.000000  0.000000 -0.000000  0.000000 ) 
 (  0.097817  0.000000  0.097085  0.000000  0.000000  0.000000 ) 
 ( -0.480629  0.000000  0.000000  0.000000 -0.097085  0.000000 ) 
 ( -0.000000  0.000000  0.480629  0.000000 -0.097817  0.000000 ) 
 (  0.191407  0.000000 -0.288859  0.000000  0.097452  0.000000 ) 
 ( -0.289226  0.000000  0.191774  0.000000 -0.097452  0.000000 ) 
 (  0.289226  0.000000  0.288859  0.000000 -0.000366  0.000000 ) 
 ( -0.191407  0.000000 -0.191774  0.000000  0.000366  0.000000 ) 
     freq (   15) =      37.011094 [THz] =    1234.557199 [cm-1]
 (  0.000000  0.000000 -0.000000  0.000000  0.000000  0.000000 ) 
 ( -0.353368  0.000000  0.353735  0.000000  0.000000  0.000000 ) 
 ( -0.000464  0.000000 -0.000000  0.000000 -0.353735  0.000000 ) 
 ( -0.000000  0.000000  0.000464  0.000000  0.353368  0.000000 ) 
 (  0.176918  0.000000 -0.177101  0.000000  0.000184  0.000000 ) 
 (  0.176453  0.000000 -0.176637  0.000000 -0.000184  0.000000 ) 
 ( -0.176453  0.000000  0.177101  0.000000  0.353555  0.000000 ) 
 ( -0.176918  0.000000  0.176637  0.000000 -0.353555  0.000000 ) 
     freq (   16) =      37.011321 [THz] =    1234.564773 [cm-1]
 (  0.000000  0.000000  0.000000  0.000000  0.000000  0.000000 ) 
 (  0.000000  0.000000 -0.000000  0.000000  0.030572  0.000000 ) 
 (  0.000000  0.000000  0.484019  0.000000  0.000000  0.000000 ) 
 ( -0.514591  0.000000 -0.000000  0.000000 -0.000000  0.000000 ) 
 (  0.257289  0.000000 -0.242003  0.000000 -0.015286  0.000000 ) 
 ( -0.257289  0.000000  0.242003  0.000000 -0.015286  0.000000 ) 
 ( -0.257289  0.000000 -0.242003  0.000000  0.015286  0.000000 ) 
 (  0.257289  0.000000  0.242003  0.000000  0.015286  0.000000 ) 
     freq (   17) =      37.011321 [THz] =    1234.564773 [cm-1]
 ( -0.000000  0.000000  0.000000  0.000000 -0.000000  0.000000 ) 
 ( -0.000000  0.000000  0.000000  0.000000 -0.576547  0.000000 ) 
 ( -0.000000  0.000000  0.314750  0.000000 -0.000000  0.000000 ) 
 (  0.261797  0.000000  0.000000  0.000000  0.000000  0.000000 ) 
 ( -0.130895  0.000000 -0.157371  0.000000  0.288267  0.000000 ) 
 (  0.130895  0.000000  0.157371  0.000000  0.288267  0.000000 ) 
 (  0.130895  0.000000 -0.157371  0.000000 -0.288267  0.000000 ) 
 ( -0.130895  0.000000  0.157371  0.000000 -0.288267  0.000000 ) 
     freq (   18) =      37.012965 [THz] =    1234.619631 [cm-1]
 (  0.077873  0.000000 -0.495091  0.000000  0.286527  0.000000 ) 
 ( -0.247614  0.000000  0.038947  0.000000 -0.000000  0.000000 ) 
 (  0.143303  0.000000  0.000000  0.000000  0.038947  0.000000 ) 
 ( -0.000000  0.000000  0.143303  0.000000 -0.247614  0.000000 ) 
 (  0.013213  0.000000  0.156435  0.000000 -0.038944  0.000000 ) 
 (  0.156502  0.000000  0.299725  0.000000 -0.247590  0.000000 ) 
 ( -0.234377  0.000000  0.338668  0.000000 -0.286534  0.000000 ) 
 ( -0.091088  0.000000  0.195379  0.000000 -0.000000  0.000000 ) 
     freq (   19) =      37.012965 [THz] =    1234.619631 [cm-1]
 (  0.521205  0.000000  0.180566  0.000000  0.170346  0.000000 ) 
 (  0.090308  0.000000  0.260675  0.000000 -0.000000  0.000000 ) 
 (  0.085197  0.000000  0.000000  0.000000  0.260675  0.000000 ) 
 (  0.000000  0.000000  0.085197  0.000000  0.090308  0.000000 ) 
 ( -0.348353  0.000000 -0.263204  0.000000 -0.260650  0.000000 ) 
 ( -0.263165  0.000000 -0.178016  0.000000  0.090299  0.000000 ) 
 ( -0.258054  0.000000  0.082634  0.000000 -0.170350  0.000000 ) 
 ( -0.172865  0.000000 -0.002555  0.000000  0.000000  0.000000 ) 
     freq (   20) =      37.012965 [THz] =    1234.619631 [cm-1]
 (  0.235707  0.000000 -0.235707  0.000000 -0.471340  0.000000 ) 
 ( -0.117886  0.000000  0.117886  0.000000 -0.000000  0.000000 ) 
 ( -0.235735  0.000000  0.000000  0.000000  0.117886  0.000000 ) 
 ( -0.000000  0.000000 -0.235735  0.000000 -0.117886  0.000000 ) 
 (  0.058937  0.000000  0.176775  0.000000  0.235676  0.000000 ) 
 ( -0.176775  0.000000 -0.058937  0.000000  0.235676  0.000000 ) 
 ( -0.058937  0.000000  0.058937  0.000000  0.117802  0.000000 ) 
 ( -0.294650  0.000000  0.294650  0.000000  0.353551  0.000000 ) 
     freq (   21) =      38.193860 [THz] =    1274.010023 [cm-1]
 (  0.000000  0.000000 -0.000000  0.000000  0.000000  0.000000 ) 
 (  0.000000  0.000000 -0.000000  0.000000 -0.408262  0.000000 ) 
 ( -0.000000  0.000000 -0.408262  0.000000 -0.000000  0.000000 ) 
 ( -0.408262  0.000000 -0.000000  0.000000  0.000000  0.000000 ) 
 (  0.204117  0.000000  0.204117  0.000000  0.204117  0.000000 ) 
 ( -0.204117  0.000000 -0.204117  0.000000  0.204117  0.000000 ) 
 ( -0.204117  0.000000  0.204117  0.000000 -0.204117  0.000000 ) 
 (  0.204117  0.000000 -0.204117  0.000000 -0.204117  0.000000 ) 
     freq (   22) =      38.200300 [THz] =    1274.224852 [cm-1]
 ( -0.160052  0.000000 -0.309642  0.000000  0.212659  0.000000 ) 
 (  0.309571  0.000000  0.160016  0.000000  0.000000  0.000000 ) 
 ( -0.212610  0.000000  0.000000  0.000000  0.160016  0.000000 ) 
 (  0.000000  0.000000 -0.212610  0.000000  0.309571  0.000000 ) 
 (  0.031544  0.000000  0.181114  0.000000 -0.341121  0.000000 ) 
 ( -0.181067  0.000000 -0.031496  0.000000  0.128467  0.000000 ) 
 (  0.341115  0.000000  0.128520  0.000000 -0.031549  0.000000 ) 
 (  0.128505  0.000000  0.341130  0.000000 -0.181105  0.000000 ) 
     freq (   23) =      38.200300 [THz] =    1274.224852 [cm-1]
 ( -0.370626  0.000000  0.092548  0.000000 -0.144188  0.000000 ) 
 ( -0.092527  0.000000  0.370541  0.000000 -0.000000  0.000000 ) 
 (  0.144155  0.000000 -0.000000  0.000000  0.370541  0.000000 ) 
 ( -0.000000  0.000000  0.144155  0.000000 -0.092527  0.000000 ) 
 (  0.159495  0.000000 -0.303621  0.000000 -0.066915  0.000000 ) 
 (  0.303649  0.000000 -0.159466  0.000000  0.211099  0.000000 ) 
 (  0.066967  0.000000  0.211075  0.000000 -0.159442  0.000000 ) 
 (  0.211122  0.000000  0.066920  0.000000  0.303626  0.000000 ) 
     freq (   24) =      38.200300 [THz] =    1274.224852 [cm-1]
 ( -0.061143  0.000000  0.249550  0.000000  0.317340  0.000000 ) 
 ( -0.249493  0.000000  0.061129  0.000000  0.000000  0.000000 ) 
 ( -0.317268  0.000000 -0.000000  0.000000  0.061129  0.000000 ) 
 (  0.000000  0.000000 -0.317268  0.000000 -0.249493  0.000000 ) 
 (  0.313951  0.000000  0.003297  0.000000 -0.064484  0.000000 ) 
 ( -0.003317  0.000000 -0.313971  0.000000 -0.252849  0.000000 ) 
 (  0.064458  0.000000 -0.252842  0.000000 -0.313978  0.000000 ) 
 ( -0.252810  0.000000  0.064426  0.000000 -0.003355  0.000000 ) 
 **************************************************************************
