Dynamical matrix file
                                                                           
  1    8  0  6.6490000  0.0000000  0.0000000  0.0000000  0.0000000  0.0000000
Basis vectors
      1.000000000    0.000000000    0.000000000
      0.000000000    1.000000000    0.000000000
      0.000000000    0.000000000    1.000000000
           1  'C   '    10947.083358978085     
    1    1      0.0000000000      0.0000000000      0.0000000000
    2    1      0.5000000000      0.5000000000      0.0000000000
    3    1      0.5000000000      0.0000000000      0.5000000000
    4    1      0.0000000000      0.5000000000      0.5000000000
    5    1      0.2500000000      0.2500000000      0.2500000000
    6    1      0.7500000000      0.7500000000      0.2500000000
    7    1      0.7500000000      0.2500000000      0.7500000000
    8    1      0.2500000000      0.7500000000      0.7500000000

     Dynamical  Matrix in cartesian axes

     q = (    0.000000000  -0.500000000  -0.500000000 ) 

    1    1
  0.97967183  0.00000000    0.00000000  0.00000000    0.00000000  0.00000000
  0.00000000  0.00000000    0.95480408  0.00000000    0.00000000  0.00000000
  0.00000000  0.00000000    0.00000000  0.00000000    0.95480408  0.00000000
    1    2
  0.00000000  0.00000000    0.00000000  0.00000000   -0.05981834  0.00000000
  0.00000000  0.00000000    0.00000000 -0.00000000    0.00000000  0.00000000
  0.05982575 -0.00000000    0.00000000  0.00000000    0.00000000  0.00000000
    1    3
  0.00000000  0.00000000   -0.05981834  0.00000000    0.00000000  0.00000000
  0.05982575 -0.00000000    0.00000000  0.00000000    0.00000000  0.00000000
  0.00000000  0.00000000    0.00000000  0.00000000    0.00000000 -0.00000000
    1    4
  0.00000000  0.00000000    0.00000000  0.00000000    0.00000000  0.00000000
  0.00000000  0.00000000    0.00000000  0.00000000   -0.13295372  0.00000000
  0.00000000  0.00000000   -0.13295372  0.00000000    0.00000000  0.00000000
    1    5
 -0.20666133  0.00000000   -0.04825353  0.00000000   -0.04825353  0.00000000
 -0.04816759  0.00000000   -0.19359535  0.00000000   -0.03747249  0.00000000
 -0.04816759  0.00000000   -0.03747249  0.00000000   -0.19359535  0.00000000
    1    6
  0.20666133 -0.00000000    0.04825353 -0.00000000   -0.04825353  0.00000000
  0.04816759 -0.00000000    0.19359535 -0.00000000   -0.03747249  0.00000000
 -0.04816759  0.00000000   -0.03747249  0.00000000    0.19359535 -0.00000000
    1    7
  0.20666133 -0.00000000   -0.04825353  0.00000000    0.04825353 -0.00000000
 -0.04816759  0.00000000    0.19359535 -0.00000000   -0.03747249  0.00000000
  0.04816759 -0.00000000   -0.03747249  0.00000000    0.19359535 -0.00000000
    1    8
 -0.20666133  0.00000000    0.04825353 -0.00000000    0.04825353 -0.00000000
  0.04816759 -0.00000000   -0.19359535  0.00000000   -0.03747249  0.00000000
  0.04816759 -0.00000000   -0.03747249  0.00000000   -0.19359535  0.00000000
    2    1
  0.00000000 -0.00000000    0.00000000  0.00000000    0.05982575  0.00000000
  0.00000000  0.00000000    0.00000000  0.00000000    0.00000000  0.00000000
 -0.05981834 -0.00000000    0.00000000  0.00000000    0.00000000 -0.00000000
    2    2
  0.97973614  0.00000000    0.00000000  0.00000000    0.00000000  0.00000000
  0.00000000  0.00000000    0.95466423  0.00000000    0.00000000  0.00000000
  0.00000000  0.00000000    0.00000000  0.00000000    0.95470006  0.00000000
    2    3
  0.00000000  0.00000000    0.00000000  0.00000000    0.00000000 -0.00000000
  0.00000000  0.00000000    0.00000000  0.00000000    0.13306275  0.00000000
  0.00000000 -0.00000000    0.13306212  0.00000000    0.00000000  0.00000000
    2    4
  0.00000000 -0.00000000   -0.05982573  0.00000000    0.00000000  0.00000000
  0.05981821 -0.00000000    0.00000000 -0.00000000    0.00000000  0.00000000
  0.00000000  0.00000000    0.00000000  0.00000000    0.00000000  0.00000000
    2    5
 -0.20667416  0.00000000   -0.04819090  0.00000000    0.04818148 -0.00000000
 -0.04823421  0.00000000   -0.19359364  0.00000000    0.03746331 -0.00000000
  0.04825638 -0.00000000    0.03746633 -0.00000000   -0.19359028  0.00000000
    2    6
 -0.20667416  0.00000000   -0.04819090  0.00000000   -0.04818148  0.00000000
 -0.04823421  0.00000000   -0.19359364  0.00000000   -0.03746331  0.00000000
 -0.04825638  0.00000000   -0.03746633  0.00000000   -0.19359028  0.00000000
    2    7
  0.20667416 -0.00000000   -0.04819090  0.00000000   -0.04818148  0.00000000
 -0.04823421  0.00000000    0.19359364 -0.00000000    0.03746331 -0.00000000
 -0.04825638  0.00000000    0.03746633 -0.00000000    0.19359028 -0.00000000
    2    8
  0.20667416 -0.00000000   -0.04819090  0.00000000    0.04818148 -0.00000000
 -0.04823421  0.00000000    0.19359364 -0.00000000   -0.03746331  0.00000000
  0.04825638 -0.00000000   -0.03746633  0.00000000    0.19359028 -0.00000000
    3    1
  0.00000000 -0.00000000    0.05982575  0.00000000    0.00000000  0.00000000
 -0.05981834 -0.00000000    0.00000000 -0.00000000    0.00000000  0.00000000
  0.00000000  0.00000000    0.00000000  0.00000000    0.00000000  0.00000000
    3    2
  0.00000000  0.00000000    0.00000000 -0.00000000    0.00000000  0.00000000
  0.00000000 -0.00000000    0.00000000  0.00000000    0.13306212  0.00000000
  0.00000000  0.00000000    0.13306275  0.00000000    0.00000000  0.00000000
    3    3
  0.97973614  0.00000000    0.00000000  0.00000000    0.00000000  0.00000000
  0.00000000  0.00000000    0.95470006  0.00000000    0.00000000  0.00000000
  0.00000000  0.00000000    0.00000000  0.00000000    0.95466423  0.00000000
    3    4
  0.00000000 -0.00000000    0.00000000  0.00000000   -0.05982573  0.00000000
  0.00000000  0.00000000    0.00000000  0.00000000    0.00000000  0.00000000
  0.05981821 -0.00000000    0.00000000  0.00000000    0.00000000 -0.00000000
    3    5
 -0.20667416  0.00000000    0.04818148 -0.00000000   -0.04819090  0.00000000
  0.04825638 -0.00000000   -0.19359028  0.00000000    0.03746633 -0.00000000
 -0.04823421  0.00000000    0.03746331 -0.00000000   -0.19359364  0.00000000
    3    6
  0.20667416 -0.00000000   -0.04818148  0.00000000   -0.04819090  0.00000000
 -0.04825638  0.00000000    0.19359028 -0.00000000    0.03746633 -0.00000000
 -0.04823421  0.00000000    0.03746331 -0.00000000    0.19359364 -0.00000000
    3    7
 -0.20667416  0.00000000   -0.04818148  0.00000000   -0.04819090  0.00000000
 -0.04825638  0.00000000   -0.19359028  0.00000000   -0.03746633  0.00000000
 -0.04823421  0.00000000   -0.03746331  0.00000000   -0.19359364  0.00000000
    3    8
  0.20667416 -0.00000000    0.04818148 -0.00000000   -0.04819090  0.00000000
  0.04825638 -0.00000000    0.19359028 -0.00000000   -0.03746633  0.00000000
 -0.04823421  0.00000000   -0.03746331  0.00000000    0.19359364 -0.00000000
    4    1
  0.00000000  0.00000000    0.00000000  0.00000000    0.00000000  0.00000000
  0.00000000  0.00000000    0.00000000  0.00000000   -0.13295372 -0.00000000
  0.00000000  0.00000000   -0.13295372 -0.00000000    0.00000000  0.00000000
    4    2
  0.00000000  0.00000000    0.05981821  0.00000000    0.00000000  0.00000000
 -0.05982573 -0.00000000    0.00000000  0.00000000    0.00000000  0.00000000
  0.00000000  0.00000000    0.00000000  0.00000000    0.00000000 -0.00000000
    4    3
  0.00000000  0.00000000    0.00000000  0.00000000    0.05981821  0.00000000
  0.00000000  0.00000000    0.00000000 -0.00000000    0.00000000  0.00000000
 -0.05982573 -0.00000000    0.00000000  0.00000000    0.00000000  0.00000000
    4    4
  0.97967525  0.00000000    0.00000000  0.00000000    0.00000000  0.00000000
  0.00000000  0.00000000    0.95477178  0.00000000    0.00000000  0.00000000
  0.00000000  0.00000000    0.00000000  0.00000000    0.95477178  0.00000000
    4    5
 -0.20665935  0.00000000    0.04825289  0.00000000    0.04825289  0.00000000
  0.04816793  0.00000000   -0.19359314  0.00000000   -0.03747014  0.00000000
  0.04816793  0.00000000   -0.03747014  0.00000000   -0.19359314  0.00000000
    4    6
 -0.20665935  0.00000000    0.04825289  0.00000000   -0.04825289  0.00000000
  0.04816793  0.00000000   -0.19359314  0.00000000    0.03747014  0.00000000
 -0.04816793  0.00000000    0.03747014  0.00000000   -0.19359314  0.00000000
    4    7
 -0.20665935  0.00000000   -0.04825289  0.00000000    0.04825289  0.00000000
 -0.04816793  0.00000000   -0.19359314  0.00000000    0.03747014  0.00000000
  0.04816793  0.00000000    0.03747014  0.00000000   -0.19359314  0.00000000
    4    8
 -0.20665935  0.00000000   -0.04825289  0.00000000   -0.04825289  0.00000000
 -0.04816793  0.00000000   -0.19359314  0.00000000   -0.03747014  0.00000000
 -0.04816793  0.00000000   -0.03747014  0.00000000   -0.19359314  0.00000000
    5    1
 -0.20666133 -0.00000000   -0.04816759 -0.00000000   -0.04816759 -0.00000000
 -0.04825353 -0.00000000   -0.19359535 -0.00000000   -0.03747249 -0.00000000
 -0.04825353 -0.00000000   -0.03747249 -0.00000000   -0.19359535 -0.00000000
    5    2
 -0.20667416 -0.00000000   -0.04823421 -0.00000000    0.04825638  0.00000000
 -0.04819090 -0.00000000   -0.19359364 -0.00000000    0.03746633  0.00000000
  0.04818148  0.00000000    0.03746331  0.00000000   -0.19359028 -0.00000000
    5    3
 -0.20667416 -0.00000000    0.04825638  0.00000000   -0.04823421 -0.00000000
  0.04818148  0.00000000   -0.19359028 -0.00000000    0.03746331  0.00000000
 -0.04819090 -0.00000000    0.03746633  0.00000000   -0.19359364 -0.00000000
    5    4
 -0.20665935  0.00000000    0.04816793  0.00000000    0.04816793  0.00000000
  0.04825289  0.00000000   -0.19359314  0.00000000   -0.03747014  0.00000000
  0.04825289  0.00000000   -0.03747014  0.00000000   -0.19359314  0.00000000
    5    5
  0.97970717  0.00000000    0.00001407  0.00000000    0.00001407  0.00000000
  0.00001407  0.00000000    0.95470977  0.00000000    0.00003662  0.00000000
  0.00001407  0.00000000    0.00003662  0.00000000    0.95470977  0.00000000
    5    6
 -0.00001429  0.00000000   -0.00001362  0.00000000    0.05982718  0.00000000
 -0.00001362  0.00000000    0.00000296  0.00000000    0.00000204  0.00000000
 -0.05982718  0.00000000   -0.00000204  0.00000000    0.00000720  0.00000000
    5    7
 -0.00001429  0.00000000    0.05982718  0.00000000   -0.00001362  0.00000000
 -0.05982718  0.00000000    0.00000720  0.00000000   -0.00000204  0.00000000
 -0.00001362  0.00000000    0.00000204  0.00000000    0.00000296  0.00000000
    5    8
  0.00000850  0.00000000   -0.00000531  0.00000000   -0.00000531  0.00000000
  0.00000531  0.00000000    0.00007713  0.00000000   -0.13298467  0.00000000
  0.00000531  0.00000000   -0.13298467  0.00000000    0.00007713  0.00000000
    6    1
  0.20666133  0.00000000    0.04816759  0.00000000   -0.04816759 -0.00000000
  0.04825353  0.00000000    0.19359535  0.00000000   -0.03747249 -0.00000000
 -0.04825353 -0.00000000   -0.03747249 -0.00000000    0.19359535  0.00000000
    6    2
 -0.20667416 -0.00000000   -0.04823421 -0.00000000   -0.04825638 -0.00000000
 -0.04819090 -0.00000000   -0.19359364 -0.00000000   -0.03746633 -0.00000000
 -0.04818148 -0.00000000   -0.03746331 -0.00000000   -0.19359028 -0.00000000
    6    3
  0.20667416  0.00000000   -0.04825638 -0.00000000   -0.04823421 -0.00000000
 -0.04818148 -0.00000000    0.19359028  0.00000000    0.03746331  0.00000000
 -0.04819090 -0.00000000    0.03746633  0.00000000    0.19359364  0.00000000
    6    4
 -0.20665935  0.00000000    0.04816793  0.00000000   -0.04816793  0.00000000
  0.04825289  0.00000000   -0.19359314  0.00000000    0.03747014  0.00000000
 -0.04825289  0.00000000    0.03747014  0.00000000   -0.19359314  0.00000000
    6    5
 -0.00001429  0.00000000   -0.00001362  0.00000000   -0.05982718  0.00000000
 -0.00001362  0.00000000    0.00000296  0.00000000   -0.00000204  0.00000000
  0.05982718  0.00000000    0.00000204  0.00000000    0.00000720  0.00000000
    6    6
  0.97970717  0.00000000    0.00001407  0.00000000   -0.00001407  0.00000000
  0.00001407  0.00000000    0.95470977  0.00000000   -0.00003662  0.00000000
 -0.00001407  0.00000000   -0.00003662  0.00000000    0.95470977  0.00000000
    6    7
  0.00000850  0.00000000   -0.00000531  0.00000000    0.00000531  0.00000000
  0.00000531  0.00000000    0.00007713  0.00000000    0.13298467  0.00000000
 -0.00000531  0.00000000    0.13298467  0.00000000    0.00007713  0.00000000
    6    8
 -0.00001429  0.00000000    0.05982718  0.00000000    0.00001362  0.00000000
 -0.05982718  0.00000000    0.00000720  0.00000000    0.00000204  0.00000000
  0.00001362  0.00000000   -0.00000204  0.00000000    0.00000296  0.00000000
    7    1
  0.20666133  0.00000000   -0.04816759 -0.00000000    0.04816759  0.00000000
 -0.04825353 -0.00000000    0.19359535  0.00000000   -0.03747249 -0.00000000
  0.04825353  0.00000000   -0.03747249 -0.00000000    0.19359535  0.00000000
    7    2
  0.20667416  0.00000000   -0.04823421 -0.00000000   -0.04825638 -0.00000000
 -0.04819090 -0.00000000    0.19359364  0.00000000    0.03746633  0.00000000
 -0.04818148 -0.00000000    0.03746331  0.00000000    0.19359028  0.00000000
    7    3
 -0.20667416 -0.00000000   -0.04825638 -0.00000000   -0.04823421 -0.00000000
 -0.04818148 -0.00000000   -0.19359028 -0.00000000   -0.03746331 -0.00000000
 -0.04819090 -0.00000000   -0.03746633 -0.00000000   -0.19359364 -0.00000000
    7    4
 -0.20665935  0.00000000   -0.04816793  0.00000000    0.04816793  0.00000000
 -0.04825289  0.00000000   -0.19359314  0.00000000    0.03747014  0.00000000
  0.04825289  0.00000000    0.03747014  0.00000000   -0.19359314  0.00000000
    7    5
 -0.00001429  0.00000000   -0.05982718  0.00000000   -0.00001362  0.00000000
  0.05982718  0.00000000    0.00000720  0.00000000    0.00000204  0.00000000
 -0.00001362  0.00000000   -0.00000204  0.00000000    0.00000296  0.00000000
    7    6
  0.00000850  0.00000000    0.00000531  0.00000000   -0.00000531  0.00000000
 -0.00000531  0.00000000    0.00007713  0.00000000    0.13298467  0.00000000
  0.00000531  0.00000000    0.13298467  0.00000000    0.00007713  0.00000000
    7    7
  0.97970717  0.00000000   -0.00001407  0.00000000    0.00001407  0.00000000
 -0.00001407  0.00000000    0.95470977  0.00000000   -0.00003662  0.00000000
  0.00001407  0.00000000   -0.00003662  0.00000000    0.95470977  0.00000000
    7    8
 -0.00001429  0.00000000    0.00001362  0.00000000    0.05982718  0.00000000
  0.00001362  0.00000000    0.00000296  0.00000000   -0.00000204  0.00000000
 -0.05982718  0.00000000    0.00000204  0.00000000    0.00000720  0.00000000
    8    1
 -0.20666133 -0.00000000    0.04816759  0.00000000    0.04816759  0.00000000
  0.04825353  0.00000000   -0.19359535 -0.00000000   -0.03747249 -0.00000000
  0.04825353  0.00000000   -0.03747249 -0.00000000   -0.19359535 -0.00000000
    8    2
  0.20667416  0.00000000   -0.04823421 -0.00000000    0.04825638  0.00000000
 -0.04819090 -0.00000000    0.19359364  0.00000000   -0.03746633 -0.00000000
  0.04818148  0.00000000   -0.03746331 -0.00000000    0.19359028  0.00000000
    8    3
  0.20667416  0.00000000    0.04825638  0.00000000   -0.04823421 -0.00000000
  0.04818148  0.00000000    0.19359028  0.00000000   -0.03746331 -0.00000000
 -0.04819090 -0.00000000   -0.03746633 -0.00000000    0.19359364  0.00000000
    8    4
 -0.20665935  0.00000000   -0.04816793  0.00000000   -0.04816793  0.00000000
 -0.04825289  0.00000000   -0.19359314  0.00000000   -0.03747014  0.00000000
 -0.04825289  0.00000000   -0.03747014  0.00000000   -0.19359314  0.00000000
    8    5
  0.00000850  0.00000000    0.00000531  0.00000000    0.00000531  0.00000000
 -0.00000531  0.00000000    0.00007713  0.00000000   -0.13298467  0.00000000
 -0.00000531  0.00000000   -0.13298467  0.00000000    0.00007713  0.00000000
    8    6
 -0.00001429  0.00000000   -0.05982718  0.00000000    0.00001362  0.00000000
  0.05982718  0.00000000    0.00000720  0.00000000   -0.00000204  0.00000000
  0.00001362  0.00000000    0.00000204  0.00000000    0.00000296  0.00000000
    8    7
 -0.00001429  0.00000000    0.00001362  0.00000000   -0.05982718  0.00000000
  0.00001362  0.00000000    0.00000296  0.00000000    0.00000204  0.00000000
  0.05982718  0.00000000   -0.00000204  0.00000000    0.00000720  0.00000000
    8    8
  0.97970717  0.00000000   -0.00001407  0.00000000   -0.00001407  0.00000000
 -0.00001407  0.00000000    0.95470977  0.00000000    0.00003662  0.00000000
 -0.00001407  0.00000000    0.00003662  0.00000000    0.95470977  0.00000000

     Dynamical  Matrix in cartesian axes

     q = (   -0.500000000  -0.500000000   0.000000000 ) 

    1    1
  0.95480408  0.00000000    0.00000000  0.00000000    0.00000000  0.00000000
  0.00000000  0.00000000    0.95480408  0.00000000    0.00000000  0.00000000
  0.00000000  0.00000000    0.00000000  0.00000000    0.97967183  0.00000000
    1    2
  0.00000000  0.00000000   -0.13295372  0.00000000    0.00000000  0.00000000
 -0.13295372  0.00000000    0.00000000  0.00000000   -0.00000000  0.00000000
  0.00000000  0.00000000    0.00000000  0.00000000    0.00000000  0.00000000
    1    3
  0.00000000 -0.00000000    0.00000000  0.00000000    0.00000000  0.00000000
  0.00000000  0.00000000    0.00000000  0.00000000    0.05982575 -0.00000000
  0.00000000  0.00000000   -0.05981834  0.00000000    0.00000000  0.00000000
    1    4
  0.00000000  0.00000000    0.00000000  0.00000000    0.05982575 -0.00000000
  0.00000000  0.00000000    0.00000000 -0.00000000    0.00000000  0.00000000
 -0.05981834  0.00000000    0.00000000  0.00000000    0.00000000  0.00000000
    1    5
 -0.19359535  0.00000000   -0.03747249  0.00000000   -0.04816759  0.00000000
 -0.03747249  0.00000000   -0.19359535  0.00000000   -0.04816759  0.00000000
 -0.04825353  0.00000000   -0.04825353  0.00000000   -0.20666133  0.00000000
    1    6
 -0.19359535  0.00000000   -0.03747249  0.00000000    0.04816759 -0.00000000
 -0.03747249  0.00000000   -0.19359535  0.00000000    0.04816759 -0.00000000
  0.04825353 -0.00000000    0.04825353 -0.00000000   -0.20666133  0.00000000
    1    7
  0.19359535 -0.00000000   -0.03747249  0.00000000    0.04816759 -0.00000000
 -0.03747249  0.00000000    0.19359535 -0.00000000   -0.04816759  0.00000000
  0.04825353 -0.00000000   -0.04825353  0.00000000    0.20666133 -0.00000000
    1    8
  0.19359535 -0.00000000   -0.03747249  0.00000000   -0.04816759  0.00000000
 -0.03747249  0.00000000    0.19359535 -0.00000000    0.04816759 -0.00000000
 -0.04825353  0.00000000    0.04825353 -0.00000000    0.20666133 -0.00000000
    2    1
  0.00000000  0.00000000   -0.13295372 -0.00000000    0.00000000  0.00000000
 -0.13295372 -0.00000000    0.00000000  0.00000000    0.00000000 -0.00000000
  0.00000000  0.00000000   -0.00000000  0.00000000    0.00000000  0.00000000
    2    2
  0.95477178  0.00000000    0.00000000  0.00000000    0.00000000  0.00000000
  0.00000000  0.00000000    0.95477178  0.00000000    0.00000000  0.00000000
  0.00000000  0.00000000    0.00000000  0.00000000    0.97967525  0.00000000
    2    3
  0.00000000  0.00000000    0.00000000  0.00000000   -0.05982573 -0.00000000
  0.00000000  0.00000000    0.00000000 -0.00000000    0.00000000  0.00000000
  0.05981821  0.00000000    0.00000000  0.00000000    0.00000000  0.00000000
    2    4
  0.00000000 -0.00000000    0.00000000  0.00000000    0.00000000  0.00000000
  0.00000000  0.00000000    0.00000000  0.00000000   -0.05982573 -0.00000000
  0.00000000  0.00000000    0.05981821  0.00000000    0.00000000  0.00000000
    2    5
 -0.19359314  0.00000000   -0.03747014  0.00000000    0.04816793  0.00000000
 -0.03747014  0.00000000   -0.19359314  0.00000000    0.04816793  0.00000000
  0.04825289  0.00000000    0.04825289  0.00000000   -0.20665935  0.00000000
    2    6
 -0.19359314  0.00000000   -0.03747014  0.00000000   -0.04816793  0.00000000
 -0.03747014  0.00000000   -0.19359314  0.00000000   -0.04816793  0.00000000
 -0.04825289  0.00000000   -0.04825289  0.00000000   -0.20665935  0.00000000
    2    7
 -0.19359314  0.00000000    0.03747014  0.00000000    0.04816793  0.00000000
  0.03747014  0.00000000   -0.19359314  0.00000000   -0.04816793  0.00000000
  0.04825289  0.00000000   -0.04825289  0.00000000   -0.20665935  0.00000000
    2    8
 -0.19359314  0.00000000    0.03747014  0.00000000   -0.04816793  0.00000000
  0.03747014  0.00000000   -0.19359314  0.00000000    0.04816793  0.00000000
 -0.04825289  0.00000000    0.04825289  0.00000000   -0.20665935  0.00000000
    3    1
  0.00000000  0.00000000    0.00000000  0.00000000    0.00000000  0.00000000
  0.00000000  0.00000000    0.00000000 -0.00000000   -0.05981834 -0.00000000
  0.00000000  0.00000000    0.05982575  0.00000000    0.00000000 -0.00000000
    3    2
  0.00000000 -0.00000000    0.00000000  0.00000000    0.05981821 -0.00000000
  0.00000000  0.00000000    0.00000000  0.00000000    0.00000000  0.00000000
 -0.05982573  0.00000000    0.00000000  0.00000000    0.00000000 -0.00000000
    3    3
  0.95466423  0.00000000    0.00000000  0.00000000    0.00000000  0.00000000
  0.00000000  0.00000000    0.95470006  0.00000000    0.00000000  0.00000000
  0.00000000  0.00000000    0.00000000  0.00000000    0.97973614  0.00000000
    3    4
  0.00000000  0.00000000    0.13306275  0.00000000    0.00000000  0.00000000
  0.13306212  0.00000000    0.00000000  0.00000000   -0.00000000 -0.00000000
  0.00000000  0.00000000   -0.00000000 -0.00000000    0.00000000  0.00000000
    3    5
 -0.19359364  0.00000000    0.03746331 -0.00000000   -0.04823421  0.00000000
  0.03746633 -0.00000000   -0.19359028  0.00000000    0.04825638 -0.00000000
 -0.04819090  0.00000000    0.04818148 -0.00000000   -0.20667416  0.00000000
    3    6
  0.19359364 -0.00000000   -0.03746331  0.00000000   -0.04823421  0.00000000
 -0.03746633  0.00000000    0.19359028 -0.00000000    0.04825638 -0.00000000
 -0.04819090  0.00000000    0.04818148 -0.00000000    0.20667416 -0.00000000
    3    7
 -0.19359364  0.00000000   -0.03746331  0.00000000   -0.04823421  0.00000000
 -0.03746633  0.00000000   -0.19359028  0.00000000   -0.04825638  0.00000000
 -0.04819090  0.00000000   -0.04818148  0.00000000   -0.20667416  0.00000000
    3    8
  0.19359364 -0.00000000    0.03746331 -0.00000000   -0.04823421  0.00000000
  0.03746633 -0.00000000    0.19359028 -0.00000000   -0.04825638  0.00000000
 -0.04819090  0.00000000   -0.04818148  0.00000000    0.20667416 -0.00000000
    4    1
  0.00000000 -0.00000000    0.00000000  0.00000000   -0.05981834 -0.00000000
  0.00000000  0.00000000    0.00000000  0.00000000    0.00000000  0.00000000
  0.05982575  0.00000000    0.00000000  0.00000000    0.00000000 -0.00000000
    4    2
  0.00000000  0.00000000    0.00000000  0.00000000    0.00000000  0.00000000
  0.00000000  0.00000000    0.00000000 -0.00000000    0.05981821 -0.00000000
  0.00000000  0.00000000   -0.05982573  0.00000000    0.00000000 -0.00000000
    4    3
  0.00000000  0.00000000    0.13306212  0.00000000    0.00000000 -0.00000000
  0.13306275  0.00000000    0.00000000  0.00000000    0.00000000  0.00000000
  0.00000000 -0.00000000    0.00000000  0.00000000    0.00000000  0.00000000
    4    4
  0.95470006  0.00000000    0.00000000  0.00000000    0.00000000  0.00000000
  0.00000000  0.00000000    0.95466423  0.00000000    0.00000000  0.00000000
  0.00000000  0.00000000    0.00000000  0.00000000    0.97973614  0.00000000
    4    5
 -0.19359028  0.00000000    0.03746633 -0.00000000    0.04825638 -0.00000000
  0.03746331 -0.00000000   -0.19359364  0.00000000   -0.04823421  0.00000000
  0.04818148 -0.00000000   -0.04819090  0.00000000   -0.20667416  0.00000000
    4    6
  0.19359028 -0.00000000   -0.03746633  0.00000000    0.04825638 -0.00000000
 -0.03746331  0.00000000    0.19359364 -0.00000000   -0.04823421  0.00000000
  0.04818148 -0.00000000   -0.04819090  0.00000000    0.20667416 -0.00000000
    4    7
  0.19359028 -0.00000000    0.03746633 -0.00000000   -0.04825638  0.00000000
  0.03746331 -0.00000000    0.19359364 -0.00000000   -0.04823421  0.00000000
 -0.04818148  0.00000000   -0.04819090  0.00000000    0.20667416 -0.00000000
    4    8
 -0.19359028  0.00000000   -0.03746633  0.00000000   -0.04825638  0.00000000
 -0.03746331  0.00000000   -0.19359364  0.00000000   -0.04823421  0.00000000
 -0.04818148  0.00000000   -0.04819090  0.00000000   -0.20667416  0.00000000
    5    1
 -0.19359535 -0.00000000   -0.03747249 -0.00000000   -0.04825353 -0.00000000
 -0.03747249 -0.00000000   -0.19359535 -0.00000000   -0.04825353 -0.00000000
 -0.04816759 -0.00000000   -0.04816759 -0.00000000   -0.20666133 -0.00000000
    5    2
 -0.19359314  0.00000000   -0.03747014  0.00000000    0.04825289  0.00000000
 -0.03747014  0.00000000   -0.19359314  0.00000000    0.04825289  0.00000000
  0.04816793  0.00000000    0.04816793  0.00000000   -0.20665935  0.00000000
    5    3
 -0.19359364 -0.00000000    0.03746633  0.00000000   -0.04819090 -0.00000000
  0.03746331  0.00000000   -0.19359028 -0.00000000    0.04818148  0.00000000
 -0.04823421 -0.00000000    0.04825638  0.00000000   -0.20667416 -0.00000000
    5    4
 -0.19359028 -0.00000000    0.03746331  0.00000000    0.04818148  0.00000000
  0.03746633  0.00000000   -0.19359364 -0.00000000   -0.04819090 -0.00000000
  0.04825638  0.00000000   -0.04823421 -0.00000000   -0.20667416 -0.00000000
    5    5
  0.95470977  0.00000000    0.00003662  0.00000000    0.00001407  0.00000000
  0.00003662  0.00000000    0.95470977  0.00000000    0.00001407  0.00000000
  0.00001407  0.00000000    0.00001407  0.00000000    0.97970717  0.00000000
    5    6
  0.00007713  0.00000000   -0.13298467  0.00000000    0.00000531  0.00000000
 -0.13298467  0.00000000    0.00007713  0.00000000    0.00000531  0.00000000
 -0.00000531  0.00000000   -0.00000531  0.00000000    0.00000850  0.00000000
    5    7
  0.00000296  0.00000000    0.00000204  0.00000000   -0.00001362  0.00000000
 -0.00000204  0.00000000    0.00000720  0.00000000   -0.05982718  0.00000000
 -0.00001362  0.00000000    0.05982718  0.00000000   -0.00001429  0.00000000
    5    8
  0.00000720  0.00000000   -0.00000204  0.00000000   -0.05982718  0.00000000
  0.00000204  0.00000000    0.00000296  0.00000000   -0.00001362  0.00000000
  0.05982718  0.00000000   -0.00001362  0.00000000   -0.00001429  0.00000000
    6    1
 -0.19359535 -0.00000000   -0.03747249 -0.00000000    0.04825353  0.00000000
 -0.03747249 -0.00000000   -0.19359535 -0.00000000    0.04825353  0.00000000
  0.04816759  0.00000000    0.04816759  0.00000000   -0.20666133 -0.00000000
    6    2
 -0.19359314  0.00000000   -0.03747014  0.00000000   -0.04825289  0.00000000
 -0.03747014  0.00000000   -0.19359314  0.00000000   -0.04825289  0.00000000
 -0.04816793  0.00000000   -0.04816793  0.00000000   -0.20665935  0.00000000
    6    3
  0.19359364  0.00000000   -0.03746633 -0.00000000   -0.04819090 -0.00000000
 -0.03746331 -0.00000000    0.19359028  0.00000000    0.04818148  0.00000000
 -0.04823421 -0.00000000    0.04825638  0.00000000    0.20667416  0.00000000
    6    4
  0.19359028  0.00000000   -0.03746331 -0.00000000    0.04818148  0.00000000
 -0.03746633 -0.00000000    0.19359364  0.00000000   -0.04819090 -0.00000000
  0.04825638  0.00000000   -0.04823421 -0.00000000    0.20667416  0.00000000
    6    5
  0.00007713  0.00000000   -0.13298467  0.00000000   -0.00000531  0.00000000
 -0.13298467  0.00000000    0.00007713  0.00000000   -0.00000531  0.00000000
  0.00000531  0.00000000    0.00000531  0.00000000    0.00000850  0.00000000
    6    6
  0.95470977  0.00000000    0.00003662  0.00000000   -0.00001407  0.00000000
  0.00003662  0.00000000    0.95470977  0.00000000   -0.00001407  0.00000000
 -0.00001407  0.00000000   -0.00001407  0.00000000    0.97970717  0.00000000
    6    7
  0.00000720  0.00000000   -0.00000204  0.00000000    0.05982718  0.00000000
  0.00000204  0.00000000    0.00000296  0.00000000    0.00001362  0.00000000
 -0.05982718  0.00000000    0.00001362  0.00000000   -0.00001429  0.00000000
    6    8
  0.00000296  0.00000000    0.00000204  0.00000000    0.00001362  0.00000000
 -0.00000204  0.00000000    0.00000720  0.00000000    0.05982718  0.00000000
  0.00001362  0.00000000   -0.05982718  0.00000000   -0.00001429  0.00000000
    7    1
  0.19359535  0.00000000   -0.03747249 -0.00000000    0.04825353  0.00000000
 -0.03747249 -0.00000000    0.19359535  0.00000000   -0.04825353 -0.00000000
  0.04816759  0.00000000   -0.04816759 -0.00000000    0.20666133  0.00000000
    7    2
 -0.19359314  0.00000000    0.03747014  0.00000000    0.04825289  0.00000000
  0.03747014  0.00000000   -0.19359314  0.00000000   -0.04825289  0.00000000
  0.04816793  0.00000000   -0.04816793  0.00000000   -0.20665935  0.00000000
    7    3
 -0.19359364 -0.00000000   -0.03746633 -0.00000000   -0.04819090 -0.00000000
 -0.03746331 -0.00000000   -0.19359028 -0.00000000   -0.04818148 -0.00000000
 -0.04823421 -0.00000000   -0.04825638 -0.00000000   -0.20667416 -0.00000000
    7    4
  0.19359028  0.00000000    0.03746331  0.00000000   -0.04818148 -0.00000000
  0.03746633  0.00000000    0.19359364  0.00000000   -0.04819090 -0.00000000
 -0.04825638 -0.00000000   -0.04823421 -0.00000000    0.20667416  0.00000000
    7    5
  0.00000296  0.00000000   -0.00000204  0.00000000   -0.00001362  0.00000000
  0.00000204  0.00000000    0.00000720  0.00000000    0.05982718  0.00000000
 -0.00001362  0.00000000   -0.05982718  0.00000000   -0.00001429  0.00000000
    7    6
  0.00000720  0.00000000    0.00000204  0.00000000   -0.05982718  0.00000000
 -0.00000204  0.00000000    0.00000296  0.00000000    0.00001362  0.00000000
  0.05982718  0.00000000    0.00001362  0.00000000   -0.00001429  0.00000000
    7    7
  0.95470977  0.00000000   -0.00003662  0.00000000    0.00001407  0.00000000
 -0.00003662  0.00000000    0.95470977  0.00000000   -0.00001407  0.00000000
  0.00001407  0.00000000   -0.00001407  0.00000000    0.97970717  0.00000000
    7    8
  0.00007713  0.00000000    0.13298467  0.00000000    0.00000531  0.00000000
  0.13298467  0.00000000    0.00007713  0.00000000   -0.00000531  0.00000000
 -0.00000531  0.00000000    0.00000531  0.00000000    0.00000850  0.00000000
    8    1
  0.19359535  0.00000000   -0.03747249 -0.00000000   -0.04825353 -0.00000000
 -0.03747249 -0.00000000    0.19359535  0.00000000    0.04825353  0.00000000
 -0.04816759 -0.00000000    0.04816759  0.00000000    0.20666133  0.00000000
    8    2
 -0.19359314  0.00000000    0.03747014  0.00000000   -0.04825289  0.00000000
  0.03747014  0.00000000   -0.19359314  0.00000000    0.04825289  0.00000000
 -0.04816793  0.00000000    0.04816793  0.00000000   -0.20665935  0.00000000
    8    3
  0.19359364  0.00000000    0.03746633  0.00000000   -0.04819090 -0.00000000
  0.03746331  0.00000000    0.19359028  0.00000000   -0.04818148 -0.00000000
 -0.04823421 -0.00000000   -0.04825638 -0.00000000    0.20667416  0.00000000
    8    4
 -0.19359028 -0.00000000   -0.03746331 -0.00000000   -0.04818148 -0.00000000
 -0.03746633 -0.00000000   -0.19359364 -0.00000000   -0.04819090 -0.00000000
 -0.04825638 -0.00000000   -0.04823421 -0.00000000   -0.20667416 -0.00000000
    8    5
  0.00000720  0.00000000    0.00000204  0.00000000    0.05982718  0.00000000
 -0.00000204  0.00000000    0.00000296  0.00000000   -0.00001362  0.00000000
 -0.05982718  0.00000000   -0.00001362  0.00000000   -0.00001429  0.00000000
    8    6
  0.00000296  0.00000000   -0.00000204  0.00000000    0.00001362  0.00000000
  0.00000204  0.00000000    0.00000720  0.00000000   -0.05982718  0.00000000
  0.00001362  0.00000000    0.05982718  0.00000000   -0.00001429  0.00000000
    8    7
  0.00007713  0.00000000    0.13298467  0.00000000   -0.00000531  0.00000000
  0.13298467  0.00000000    0.00007713  0.00000000    0.00000531  0.00000000
  0.00000531  0.00000000   -0.00000531  0.00000000    0.00000850  0.00000000
    8    8
  0.95470977  0.00000000   -0.00003662  0.00000000   -0.00001407  0.00000000
 -0.00003662  0.00000000    0.95470977  0.00000000    0.00001407  0.00000000
 -0.00001407  0.00000000    0.00001407  0.00000000    0.97970717  0.00000000

     Dynamical  Matrix in cartesian axes

     q = (   -0.500000000   0.000000000   0.500000000 ) 

    1    1
  0.95480408  0.00000000    0.00000000  0.00000000    0.00000000  0.00000000
  0.00000000  0.00000000    0.97967183  0.00000000    0.00000000  0.00000000
  0.00000000  0.00000000    0.00000000  0.00000000    0.95480408  0.00000000
    1    2
  0.00000000 -0.00000000    0.00000000  0.00000000    0.00000000  0.00000000
  0.00000000  0.00000000    0.00000000  0.00000000   -0.05981834  0.00000000
  0.00000000  0.00000000    0.05982575 -0.00000000    0.00000000  0.00000000
    1    3
  0.00000000  0.00000000    0.00000000  0.00000000   -0.13295372  0.00000000
  0.00000000  0.00000000    0.00000000  0.00000000    0.00000000  0.00000000
 -0.13295372  0.00000000    0.00000000  0.00000000    0.00000000  0.00000000
    1    4
  0.00000000 -0.00000000    0.05982575  0.00000000    0.00000000  0.00000000
 -0.05981834 -0.00000000    0.00000000 -0.00000000    0.00000000  0.00000000
  0.00000000  0.00000000    0.00000000  0.00000000    0.00000000  0.00000000
    1    5
 -0.19359535  0.00000000   -0.04816759  0.00000000   -0.03747249  0.00000000
 -0.04825353  0.00000000   -0.20666133  0.00000000   -0.04825353  0.00000000
 -0.03747249  0.00000000   -0.04816759  0.00000000   -0.19359535  0.00000000
    1    6
  0.19359535  0.00000000    0.04816759  0.00000000   -0.03747249  0.00000000
  0.04825353  0.00000000    0.20666133  0.00000000   -0.04825353  0.00000000
 -0.03747249  0.00000000   -0.04816759  0.00000000    0.19359535  0.00000000
    1    7
 -0.19359535  0.00000000    0.04816759  0.00000000   -0.03747249  0.00000000
  0.04825353  0.00000000   -0.20666133  0.00000000    0.04825353  0.00000000
 -0.03747249  0.00000000    0.04816759  0.00000000   -0.19359535  0.00000000
    1    8
  0.19359535  0.00000000   -0.04816759  0.00000000   -0.03747249  0.00000000
 -0.04825353  0.00000000    0.20666133  0.00000000    0.04825353  0.00000000
 -0.03747249  0.00000000    0.04816759  0.00000000    0.19359535  0.00000000
    2    1
  0.00000000  0.00000000    0.00000000  0.00000000    0.00000000  0.00000000
  0.00000000  0.00000000    0.00000000 -0.00000000    0.05982575  0.00000000
  0.00000000  0.00000000   -0.05981834 -0.00000000    0.00000000 -0.00000000
    2    2
  0.95466423  0.00000000    0.00000000  0.00000000    0.00000000  0.00000000
  0.00000000  0.00000000    0.97973614  0.00000000    0.00000000  0.00000000
  0.00000000  0.00000000    0.00000000  0.00000000    0.95470006  0.00000000
    2    3
  0.00000000  0.00000000    0.05981821  0.00000000    0.00000000  0.00000000
 -0.05982573 -0.00000000    0.00000000  0.00000000    0.00000000  0.00000000
  0.00000000  0.00000000    0.00000000  0.00000000    0.00000000 -0.00000000
    2    4
  0.00000000  0.00000000    0.00000000  0.00000000    0.13306275  0.00000000
  0.00000000  0.00000000    0.00000000  0.00000000    0.00000000  0.00000000
  0.13306212  0.00000000    0.00000000  0.00000000    0.00000000  0.00000000
    2    5
 -0.19359364 -0.00000000   -0.04823421 -0.00000000    0.03746331  0.00000000
 -0.04819090 -0.00000000   -0.20667416 -0.00000000    0.04818148  0.00000000
  0.03746633  0.00000000    0.04825638  0.00000000   -0.19359028 -0.00000000
    2    6
 -0.19359364 -0.00000000   -0.04823421 -0.00000000   -0.03746331 -0.00000000
 -0.04819090 -0.00000000   -0.20667416 -0.00000000   -0.04818148 -0.00000000
 -0.03746633 -0.00000000   -0.04825638 -0.00000000   -0.19359028 -0.00000000
    2    7
  0.19359364  0.00000000   -0.04823421 -0.00000000   -0.03746331 -0.00000000
 -0.04819090 -0.00000000    0.20667416  0.00000000    0.04818148  0.00000000
 -0.03746633 -0.00000000    0.04825638  0.00000000    0.19359028  0.00000000
    2    8
  0.19359364  0.00000000   -0.04823421 -0.00000000    0.03746331  0.00000000
 -0.04819090 -0.00000000    0.20667416  0.00000000   -0.04818148 -0.00000000
  0.03746633  0.00000000   -0.04825638 -0.00000000    0.19359028  0.00000000
    3    1
  0.00000000  0.00000000    0.00000000  0.00000000   -0.13295372  0.00000000
  0.00000000  0.00000000    0.00000000  0.00000000    0.00000000  0.00000000
 -0.13295372  0.00000000    0.00000000  0.00000000    0.00000000  0.00000000
    3    2
  0.00000000 -0.00000000   -0.05982573  0.00000000    0.00000000  0.00000000
  0.05981821 -0.00000000    0.00000000 -0.00000000    0.00000000  0.00000000
  0.00000000  0.00000000    0.00000000  0.00000000    0.00000000  0.00000000
    3    3
  0.95477178  0.00000000    0.00000000  0.00000000    0.00000000  0.00000000
  0.00000000  0.00000000    0.97967525  0.00000000    0.00000000  0.00000000
  0.00000000  0.00000000    0.00000000  0.00000000    0.95477178  0.00000000
    3    4
  0.00000000 -0.00000000    0.00000000  0.00000000    0.00000000  0.00000000
  0.00000000  0.00000000    0.00000000  0.00000000    0.05981821  0.00000000
  0.00000000  0.00000000   -0.05982573 -0.00000000    0.00000000  0.00000000
    3    5
 -0.19359314  0.00000000    0.04816793  0.00000000   -0.03747014  0.00000000
  0.04825289  0.00000000   -0.20665935  0.00000000    0.04825289  0.00000000
 -0.03747014  0.00000000    0.04816793  0.00000000   -0.19359314  0.00000000
    3    6
 -0.19359314  0.00000000    0.04816793  0.00000000    0.03747014  0.00000000
  0.04825289  0.00000000   -0.20665935  0.00000000   -0.04825289  0.00000000
  0.03747014  0.00000000   -0.04816793  0.00000000   -0.19359314  0.00000000
    3    7
 -0.19359314  0.00000000   -0.04816793  0.00000000   -0.03747014  0.00000000
 -0.04825289  0.00000000   -0.20665935  0.00000000   -0.04825289  0.00000000
 -0.03747014  0.00000000   -0.04816793  0.00000000   -0.19359314  0.00000000
    3    8
 -0.19359314  0.00000000   -0.04816793  0.00000000    0.03747014  0.00000000
 -0.04825289  0.00000000   -0.20665935  0.00000000    0.04825289  0.00000000
  0.03747014  0.00000000    0.04816793  0.00000000   -0.19359314  0.00000000
    4    1
  0.00000000  0.00000000   -0.05981834  0.00000000    0.00000000  0.00000000
  0.05982575 -0.00000000    0.00000000  0.00000000    0.00000000  0.00000000
  0.00000000  0.00000000    0.00000000  0.00000000    0.00000000 -0.00000000
    4    2
  0.00000000  0.00000000    0.00000000 -0.00000000    0.13306212 -0.00000000
  0.00000000 -0.00000000    0.00000000  0.00000000    0.00000000 -0.00000000
  0.13306275 -0.00000000    0.00000000 -0.00000000    0.00000000  0.00000000
    4    3
  0.00000000  0.00000000    0.00000000  0.00000000    0.00000000  0.00000000
  0.00000000  0.00000000    0.00000000 -0.00000000   -0.05982573  0.00000000
  0.00000000  0.00000000    0.05981821 -0.00000000    0.00000000 -0.00000000
    4    4
  0.95470006  0.00000000    0.00000000  0.00000000    0.00000000  0.00000000
  0.00000000  0.00000000    0.97973614  0.00000000    0.00000000  0.00000000
  0.00000000  0.00000000    0.00000000  0.00000000    0.95466423  0.00000000
    4    5
 -0.19359028  0.00000000    0.04825638 -0.00000000    0.03746633 -0.00000000
  0.04818148 -0.00000000   -0.20667416  0.00000000   -0.04819090  0.00000000
  0.03746331 -0.00000000   -0.04823421  0.00000000   -0.19359364  0.00000000
    4    6
  0.19359028 -0.00000000   -0.04825638  0.00000000    0.03746633 -0.00000000
 -0.04818148  0.00000000    0.20667416 -0.00000000   -0.04819090  0.00000000
  0.03746331 -0.00000000   -0.04823421  0.00000000    0.19359364 -0.00000000
    4    7
  0.19359028 -0.00000000    0.04825638 -0.00000000   -0.03746633  0.00000000
  0.04818148 -0.00000000    0.20667416 -0.00000000   -0.04819090  0.00000000
 -0.03746331  0.00000000   -0.04823421  0.00000000    0.19359364 -0.00000000
    4    8
 -0.19359028  0.00000000   -0.04825638  0.00000000   -0.03746633  0.00000000
 -0.04818148  0.00000000   -0.20667416  0.00000000   -0.04819090  0.00000000
 -0.03746331  0.00000000   -0.04823421  0.00000000   -0.19359364  0.00000000
    5    1
